20.000000 -19.326698 -71.148598 625.079299 -19.258540 -71.128032 188.069279 240.138772
21.000000 -21.488154 -71.817000 726.687283 -19.237921 -71.141506 215.466392 341.705159
22.000000 -21.565077 -68.817000 709.089330 -21.565077 -68.817000 224.539259 243.545083
23.000000 -21.642000 -68.970846 725.612510 -21.565077 -68.817000 250.013940 275.666959
24.000000 -21.642000 -68.970846 721.332538 -21.565077 -68.817000 256.146134 316.765353
25.000000 -21.600514 -68.881346 498.324991 -21.565077 -68.817000 205.848804 244.531079
26.000000 -20.540980 -68.819984 454.804886 -20.565077 -68.817000 217.533200 297.716599
27.000000 -19.710165 -70.981792 411.554729 -19.190043 -71.076140 212.789661 264.720254
28.000000 -19.166902 -71.544157 417.649779 -18.989036 -71.284834 136.068135 185.710452
29.000000 -19.168729 -71.552825 435.737603 NaN NaN 0.000000 0.000000
30.000000 -19.172033 -71.559583 554.828266 -18.642000 -71.201615 302.661434 240.547014
31.000000 -19.177720 -71.545456 460.469605 -18.801636 -71.403003 212.732723 220.411045
32.000000 -20.872769 -68.817000 403.681701 NaN -69.701147 0.000000 0.000000
33.000000 -20.872769 -68.817000 427.680734 -20.795846 -68.817000 174.565151 120.044338
34.000000 -20.795846 -68.817000 442.132518 -20.949692 -68.817000 250.686140 182.126703
35.000000 -20.795846 -68.817000 321.354373 -20.475235 -70.978721 173.737510 85.851921
36.000000 -18.804833 -68.950425 231.668315 -20.561707 -70.952421 270.536368 135.962320
37.000000 -20.663964 -70.923644 248.963341 -20.659812 -70.927603 335.916828 216.891005
38.000000 -18.718923 -68.817000 334.314581 -18.718923 -68.817000 357.292198 305.479005
39.000000 -18.718923 -68.817000 340.886140 -18.718923 -68.817000 350.964278 299.879415
40.000000 -18.718923 -68.817000 296.109887 -18.718923 -68.817000 329.647328 250.142312
41.000000 -20.187612 -69.933963 231.339811 -21.481339 -68.986807 159.615411 78.197663
