20.000000 -18.642000 -71.047769 17.555239 -18.642000 -71.047769 0.009408 17.555239
21.000000 -20.765815 -69.587447 15.468371 -18.642000 -70.740077 0.010852 13.849676
22.000000 -21.642000 -69.817000 16.957108 -18.722806 -70.497614 0.009679 8.770913
23.000000 -21.642000 -69.817000 15.737241 -18.717731 -70.496104 0.009896 8.098362
24.000000 -21.488154 -68.817000 12.748295 -18.712560 -70.507557 0.010240 8.715968
25.000000 -20.488154 -71.817000 13.195990 -21.359868 -70.837957 0.007010 4.056731
26.000000 -20.488154 -71.817000 16.761663 -20.411231 -71.817000 0.009045 16.386658
27.000000 -19.489427 -71.434010 21.748372 -19.499560 -71.440454 0.011514 21.170878
28.000000 -19.493349 -71.428779 23.096332 -19.563099 -71.593793 0.014498 22.415528
29.000000 -19.489731 -71.428588 22.924810 -19.493217 -71.440082 0.016104 22.562612
30.000000 -19.607648 -71.151603 14.278362 -19.552193 -71.585482 0.016271 19.123948
31.000000 -19.523931 -71.349402 13.057249 -19.666751 -71.605200 0.013389 12.122084
32.000000 -20.490997 -71.657017 9.063124 -19.648580 -71.635431 0.010844 8.403688
33.000000 -21.588055 -69.586992 7.205380 -21.540547 -71.507846 0.008841 5.770960
34.000000 -18.718923 -71.817000 11.047856 -18.642000 -71.663154 0.007612 10.787085
35.000000 -18.718923 -71.817000 13.610362 -18.642000 -71.663154 0.008706 13.195208
36.000000 -18.718923 -71.817000 16.144800 -18.642000 -71.663154 0.010176 14.882214
37.000000 -18.718923 -71.817000 16.163130 -18.718923 -71.817000 0.010164 16.163130
38.000000 -18.718923 -71.817000 14.387990 -18.718923 -71.817000 0.011824 14.387990
39.000000 -18.795846 -71.817000 12.513591 -18.795846 -71.817000 0.012966 12.513591
40.000000 -21.473189 -70.392663 11.995560 -18.795846 -71.817000 0.013099 12.078059
41.000000 -21.642000 -70.432385 12.869838 -21.642000 -70.432385 0.011390 12.869838
42.000000 -21.642000 -70.201615 13.555098 -21.642000 -70.432385 0.011602 13.463972
43.000000 NaN -69.338691 0.000000 -21.642000 -70.201615 0.009937 12.528142
44.000000 NaN -69.351290 0.000000 -21.342253 -70.155800 0.009754 12.600137
45.000000 -21.360504 -70.096953 14.759440 -21.356102 -70.102233 0.009625 14.829631
46.000000 -21.368255 -70.108670 15.037168 -21.359738 -70.081513 0.009749 14.632068
47.000000 -21.402236 -70.101385 13.103212 -21.586464 -70.176184 0.010334 12.287900
48.000000 -21.642000 -70.201615 13.481930 -21.619302 -70.179397 0.011002 13.137745
49.000000 -21.642000 -70.047769 12.833122 -21.642000 -70.201615 0.009075 12.554176
50.000000 -18.642000 -69.201615 12.473307 -18.896934 -71.044639 0.009211 10.367076
51.000000 -18.904539 -71.033876 13.056715 -18.905030 -71.041825 0.012779 13.183045
52.000000 -21.334308 -71.817000 13.658017 -18.933641 -71.041018 0.013200 12.268651
53.000000 -21.334308 -71.817000 15.203851 -18.929357 -71.039094 0.012754 12.901486
54.000000 -20.558902 -71.417926 15.197218 -18.642000 -71.047769 0.011339 11.989903
55.000000 -20.882378 -71.390683 13.087305 -20.453884 -69.373736 0.010758 8.564599
56.000000 -20.519711 -69.789113 13.701553 -20.714075 -69.276069 0.011640 6.906713
57.000000 -21.079217 -71.731551 12.827080 -21.032561 -71.739549 0.013810 12.864609
58.000000 -21.045353 -71.783304 14.640871 -21.039159 -71.749923 0.016250 15.295928
59.000000 -21.042109 -71.794519 16.662786 -21.049465 -71.751012 0.017267 17.663495
60.000000 -21.045899 -71.810898 15.583869 -21.000876 -71.776191 0.014467 15.667246
61.000000 -20.008908 -70.722605 13.053127 -19.290195 -70.337216 0.012014 11.026027
62.000000 -19.180462 -71.817000 14.586659 -19.310827 -70.336192 0.012819 10.970385
63.000000 -18.642000 -71.509308 19.506809 -19.212152 -69.195204 0.013879 11.938083
64.000000 -18.642000 -71.509308 20.763050 -19.380090 -69.143504 0.013739 16.604945
65.000000 -18.642000 -71.509308 22.160479 NaN -69.902907 0.000000 0.000000
66.000000 -18.701546 -71.505229 21.477598 -20.938835 -69.590611 0.013841 13.038003
67.000000 -19.431868 -69.149236 21.342481 -20.950295 -69.593258 0.012927 11.718898
68.000000 -19.097678 -70.545897 19.724772 -19.379794 -70.448572 0.009659 16.437479
69.000000 -19.009784 -70.675399 19.722230 NaN -70.698785 0.000000 0.000000
70.000000 -19.325271 -70.685635 22.571353 -18.992522 -70.556659 0.010653 20.711544
71.000000 -19.329807 -70.684466 21.392131 -19.083065 -70.610820 0.009826 19.801763
72.000000 -21.642000 -71.740077 19.172342 -20.006663 -71.047153 0.009349 17.944037
73.000000 -20.927293 -71.396791 16.468736 -19.930234 -71.140328 0.010070 15.929906
74.000000 -20.161921 -71.205444 17.992615 -20.153729 -71.020356 0.011049 15.470792
75.000000 -20.064653 -71.205811 14.269402 -20.165959 -71.002307 0.010923 13.076685
76.000000 -21.511600 -68.831503 12.493674 -20.099680 -71.187552 0.009723 9.954785
77.000000 -21.491229 -68.850282 11.892087 -19.705347 -69.988167 0.006502 3.419770
78.000000 -18.949692 -71.817000 14.066063 -19.472721 -71.740993 0.007301 10.860628
79.000000 -18.949692 -71.817000 16.225096 -18.642000 -71.663154 0.007880 14.033639
80.000000 -18.949692 -71.817000 15.622242 -21.441381 -69.538149 0.008405 7.118581
