6.2 36.354 142.287 24.9
6.2 35.742 141.731 24.5
6.1 37.981 141.849 24.8
6.3 37.662 141.959 14.3
6.4 37.261 141.175 37.5
6.1 39.075 142.352 24.9
6.8 37.588 142.682 24.8
6.2 37.354 141.998 25.4
6.3 39.025 142.645 8.7
6.6 40.472 139.070 10.0
6.1 39.372 142.900 24.8
6.2 37.037 138.355 10.0
6.2 35.997 141.796 18.9
6.5 39.276 142.521 11.6
6.1 37.428 141.200 25.0
6.5 36.200 142.000 19.9
6.2 37.034 144.612 27.8
6.2 36.606 141.557 19.8
6.1 36.802 141.911 24.0
6.1 37.916 144.621 15.0
6.3 36.648 141.811 25.0
6.3 35.758 140.992 30.2
6.3 37.993 142.764 22.3
7.1 38.106 144.553 19.7
6.8 36.186 141.192 35.0
6.4 36.401 141.862 35.4
6.4 39.025 142.316 25.1
8.9 38.322 142.369 24.4
6.1 38.385 142.642 23.0
6.1 38.378 142.506 22.0
7.2 38.424 142.836 32.0
