20.000000 -19.880487 -71.150728 704.968517
21.000000 -19.218733 -71.159670 655.239551
22.000000 -19.292598 -69.979251 559.287769
23.000000 -19.292259 -69.975630 472.255026
24.000000 -19.142000 -70.624692 435.343366
25.000000 -19.142000 -70.624692 418.993999
26.000000 -19.196204 -70.547550 347.168799
27.000000 -19.870551 -70.982598 322.810506
28.000000 -19.174740 -70.621474 363.274705
29.000000 -19.176324 -70.625612 374.968150
30.000000 -20.642000 -71.201615 371.912177
31.000000 -20.642000 -71.201615 353.763767
32.000000 -19.180462 -71.317000 275.625609
33.000000 -19.603538 -69.817000 240.116634
34.000000 -20.203889 -69.973311 228.500649
35.000000 -20.642000 -70.970846 224.787123
36.000000 -20.189900 -70.089992 236.188571
37.000000 -20.642000 -70.970846 258.182934
38.000000 -20.642000 -70.970846 273.616867
39.000000 -20.642000 -70.970846 237.087608
40.000000 -20.519902 -69.854789 249.263488
