0.00 1.71
0.01 1.72
0.02 1.76
0.03 1.81
0.04 1.88
0.05 1.96
0.06 2.06
0.07 2.17
0.08 2.29
0.09 2.42
0.10 2.56
0.11 2.70
0.12 2.85
0.13 3.00
0.14 3.15
0.15 3.31
0.16 3.47
0.17 3.63
0.18 3.80
0.19 3.96
0.20 4.13
0.21 4.30
0.22 4.47
0.23 4.64
0.24 4.81
0.25 4.98
0.26 5.15
0.27 5.33
0.28 5.50
0.29 5.67
0.30 5.85
0.31 6.02
0.32 6.19
0.33 6.37
0.34 6.54
0.35 6.71
0.36 6.89
0.37 7.07
0.38 7.24
0.39 7.42
0.40 7.59
0.41 7.77
0.42 7.94
0.43 8.12
0.44 8.29
0.45 8.47
0.46 8.64
0.47 8.82
0.48 8.99
0.49 9.17
0.50 9.34
0.51 9.52
0.52 9.70
0.53 9.87
0.54 10.05
0.55 10.22
0.56 10.40
0.57 10.57
0.58 10.75
0.59 10.92
0.60 11.10
0.61 11.27
0.62 11.45
0.63 11.62
0.64 11.80
0.65 11.97
0.66 12.15
0.67 12.33
0.68 12.50
0.69 12.68
0.70 12.85
0.71 13.03
0.72 13.20
0.73 13.38
0.74 13.56
0.75 13.73
0.76 13.91
0.77 14.08
0.78 14.26
0.79 14.44
0.80 14.61
0.81 14.79
0.82 14.96
0.83 15.14
0.84 15.32
0.85 15.49
0.86 15.67
0.87 15.84
0.88 16.02
0.89 16.20
0.90 16.37
0.91 16.55
0.92 16.72
0.93 16.90
0.94 17.08
0.95 17.25
0.96 17.43
0.97 17.61
0.98 17.78
0.99 17.96
1.00 18.13
1.01 18.31
1.02 18.49
1.03 18.66
1.04 18.84
1.05 19.01
1.06 19.19
1.07 19.37
1.08 19.54
1.09 19.72
1.10 19.90
1.11 20.07
1.12 20.25
1.13 20.42
1.14 20.60
1.15 20.78
1.16 20.95
1.17 21.13
1.18 21.30
1.19 21.48
1.20 21.66
1.21 21.83
1.22 22.01
1.23 22.19
1.24 22.36
1.25 22.54
1.26 22.71
1.27 22.89
1.28 23.07
1.29 23.24
1.30 23.42
1.31 23.59
1.32 23.77
1.33 23.95
1.34 24.12
1.35 24.30
1.36 24.48
1.37 24.65
1.38 24.83
1.39 25.00
1.40 25.18
1.41 25.36
1.42 25.53
1.43 25.71
1.44 25.88
1.45 26.06
1.46 26.24
1.47 26.41
1.48 26.59
1.49 26.77
1.50 26.94
1.51 27.12
1.52 27.29
1.53 27.47
1.54 27.65
1.55 27.82
1.56 28.00
1.57 28.17
1.58 28.35
1.59 28.53
1.60 28.70
1.61 28.88
1.62 29.06
1.63 29.23
1.64 29.41
1.65 29.58
1.66 29.76
1.67 29.94
1.68 30.11
1.69 30.29
1.70 30.46
1.71 30.64
1.72 30.82
1.73 30.99
