4.4	0.990	91.843	14.8
4.8	3.418	89.939	15.4
4.3	2.246	92.490	30.8
4.7     1.127	91.891	11.2
4.9	2.758	89.592	17.4
4.6	1.183	91.578	15.0
4.8	1.607	91.090	15.1
4.5	2.616	90.073	15.5
4.4	1.082	91.772	14.1
4.4	3.720	92.666	27.1
4.8	1.100	92.825	28.7
5.1	3.780	92.784	9.2
4.8	3.453	92.718	11.0
5.0	3.287	93.729	27.8
4.7	4.187	92.551	29.7
5.3	2.409	93.421	30.4
4.8	2.092	93.599	29.5
4.7	1.227	92.132	10.1
4.7	2.732	92.522	30.2
4.7	1.111	92.030	27.5
5.1	2.973	92.742	30.4
5.0	3.394	89.817	15.8
5.0	1.955	93.926	26.9
4.5	2.895	89.463	14.7
4.5	1.801	89.548	15.1
5.0	1.223	91.774	14.8
4.8	3.529	92.693	27.7
4.7	2.558	92.302	10.0
4.7	4.445	92.859	29.2
5.5	1.798	89.670	13.9
4.6	3.089	92.839	10.2
5.4	2.897	89.597	14.7
4.9	2.488	90.185	14.8
5.0	0.514	92.443	13.8
5.0	1.787	90.927	15.0
4.7	0.717	92.407	15.2
5.5	1.202	92.090	10.3
5.4	2.496	92.712	14.3
5.1	3.426	92.860	10.8
5.1	2.987	92.249	21.6
4.8	2.540	91.897	10.0
5.1	2.559	90.291	14.7
5.0	1.347	92.383	10.0
5.3	1.204	91.815	14.7
4.7	1.913	94.165	14.8
5.3	1.474	90.842	15.0
4.8	2.245	92.383	8.4
5.1	2.883	89.979	10.0
5.0	2.518	92.285	10.7
5.2	1.123	92.133	9.9
4.8	1.673	89.595	10.0
5.5	1.485	90.836	15.6
5.3	2.159	93.597	11.0
4.6	0.600	91.889	10.0
4.6	1.905	89.578	10.0
5.0	2.345	90.302	20.4
5.1	4.614	90.764	5.3
4.5	0.890	92.382	10.0
5.1	2.528	92.602	10.0
5.1	3.136	92.775	9.9
5.1	1.385	92.639	10.4
5.7	2.929	89.534	14.8
5.3	0.989	91.942	14.9
5.4	0.743	92.865	15.5
8.2	0.773	92.452	16.4
5.4	1.072	91.943	15.5
5.4	2.833	92.476	14.8
5.1	2.646	90.084	16.1
5.3	2.499	90.365	20.0
5.3	2.510	90.316	20.0
6.0	1.281	91.731	9.8
8.6	2.311	93.063	22.9
4.5	5.060	94.171	47.6
4.3	4.844	94.135	73.0
