-1400.000000  -10.000000      -0.1409360       1.4368446       0.4914298
-1399.000000  -10.000000      -0.1429841       1.4459426       0.4945415
-1398.000000  -10.000000      -0.1450737       1.4551708       0.4976977
-1397.000000  -10.000000      -0.1472058       1.4645316       0.5008993
-1396.000000  -10.000000      -0.1493815       1.4740277       0.5041472
-1395.000000  -10.000000      -0.1516020       1.4836618       0.5074422
-1394.000000  -10.000000      -0.1538686       1.4934367       0.5107854
-1393.000000  -10.000000      -0.1561824       1.5033553       0.5141778
-1392.000000  -10.000000      -0.1585447       1.5134203       0.5176202
-1391.000000  -10.000000      -0.1609568       1.5236349       0.5211138
-1390.000000  -10.000000      -0.1634202       1.5340021       0.5246596
-1389.000000  -10.000000      -0.1659362       1.5445251       0.5282587
-1388.000000  -10.000000      -0.1685063       1.5552071       0.5319122
-1387.000000  -10.000000      -0.1711321       1.5660515       0.5356212
-1386.000000  -10.000000      -0.1738150       1.5770616       0.5393868
-1385.000000  -10.000000      -0.1765567       1.5882410       0.5432104
-1384.000000  -10.000000      -0.1793589       1.5995933       0.5470931
-1383.000000  -10.000000      -0.1822233       1.6111222       0.5510362
-1382.000000  -10.000000      -0.1851517       1.6228314       0.5550410
-1381.000000  -10.000000      -0.1881460       1.6347250       0.5591089
-1380.000000  -10.000000      -0.1912081       1.6468069       0.5632411
-1379.000000  -10.000000      -0.1943400       1.6590814       0.5674392
-1378.000000  -10.000000      -0.1975437       1.6715525       0.5717046
-1377.000000  -10.000000      -0.2008215       1.6842247       0.5760388
-1376.000000  -10.000000      -0.2041755       1.6971026       0.5804433
-1375.000000  -10.000000      -0.2076080       1.7101907       0.5849197
-1374.000000  -10.000000      -0.2111215       1.7234938       0.5894696
-1373.000000  -10.000000      -0.2147184       1.7370169       0.5940948
-1372.000000  -10.000000      -0.2184013       1.7507649       0.5987968
-1371.000000  -10.000000      -0.2221728       1.7647430       0.6035777
-1370.000000  -10.000000      -0.2260359       1.7789567       0.6084390
-1369.000000  -10.000000      -0.2299932       1.7934113       0.6133828
-1368.000000  -10.000000      -0.2340478       1.8081127       0.6184110
-1367.000000  -10.000000      -0.2382029       1.8230666       0.6235255
-1366.000000  -10.000000      -0.2424617       1.8382791       0.6287285
-1365.000000  -10.000000      -0.2468275       1.8537564       0.6340220
-1364.000000  -10.000000      -0.2513038       1.8695049       0.6394083
-1363.000000  -10.000000      -0.2558943       1.8855311       0.6448896
-1362.000000  -10.000000      -0.2606028       1.9018419       0.6504683
-1361.000000  -10.000000      -0.2654332       1.9184444       0.6561466
-1360.000000  -10.000000      -0.2703895       1.9353457       0.6619272
-1359.000000  -10.000000      -0.2754762       1.9525533       0.6678126
-1358.000000  -10.000000      -0.2806976       1.9700750       0.6738053
-1357.000000  -10.000000      -0.2860584       1.9879187       0.6799082
-1356.000000  -10.000000      -0.2915634       2.0060926       0.6861241
-1355.000000  -10.000000      -0.2972176       2.0246052       0.6924558
-1354.000000  -10.000000      -0.3030264       2.0434653       0.6989063
-1353.000000  -10.000000      -0.3089953       2.0626819       0.7054788
-1352.000000  -10.000000      -0.3151299       2.0822644       0.7121764
-1351.000000  -10.000000      -0.3214362       2.1022224       0.7190024
-1350.000000  -10.000000      -0.3279205       2.1225660       0.7259603
-1349.000000  -10.000000      -0.3345894       2.1433055       0.7330536
-1348.000000  -10.000000      -0.3414497       2.1644515       0.7402860
-1347.000000  -10.000000      -0.3485084       2.1860152       0.7476612
-1346.000000  -10.000000      -0.3557732       2.2080080       0.7551832
-1345.000000  -10.000000      -0.3632518       2.2304416       0.7628560
-1344.000000  -10.000000      -0.3709524       2.2533285       0.7706837
-1343.000000  -10.000000      -0.3788836       2.2766811       0.7786708
-1342.000000  -10.000000      -0.3870544       2.3005128       0.7868217
-1341.000000  -10.000000      -0.3954741       2.3248371       0.7951411
-1340.000000  -10.000000      -0.4041528       2.3496680       0.8036338
-1339.000000  -10.000000      -0.4131006       2.3750203       0.8123048
-1338.000000  -10.000000      -0.4223286       2.4009090       0.8211592
-1337.000000  -10.000000      -0.4318480       2.4273498       0.8302025
-1336.000000  -10.000000      -0.4416710       2.4543591       0.8394403
-1335.000000  -10.000000      -0.4518101       2.4819537       0.8488782
-1334.000000  -10.000000      -0.4622785       2.5101511       0.8585222
-1333.000000  -10.000000      -0.4730902       2.5389696       0.8683787
-1332.000000  -10.000000      -0.4842598       2.5684279       0.8784541
-1331.000000  -10.000000      -0.4958029       2.5985457       0.8887550
-1330.000000  -10.000000      -0.5077355       2.6293433       0.8992884
-1329.000000  -10.000000      -0.5200749       2.6608419       0.9100615
-1328.000000  -10.000000      -0.5328391       2.6930634       0.9210819
-1327.000000  -10.000000      -0.5460472       2.7260306       0.9323574
-1326.000000  -10.000000      -0.5597193       2.7597673       0.9438960
-1325.000000  -10.000000      -0.5738766       2.7942981       0.9557062
-1324.000000  -10.000000      -0.5885415       2.8296486       0.9677968
-1323.000000  -10.000000      -0.6037378       2.8658456       0.9801769
-1322.000000  -10.000000      -0.6194905       2.9029167       0.9928560
-1321.000000  -10.000000      -0.6358262       2.9408909       1.0058439
-1320.000000  -10.000000      -0.6527730       2.9797981       1.0191510
-1319.000000  -10.000000      -0.6703607       3.0196697       1.0327879
-1318.000000  -10.000000      -0.6886208       3.0605383       1.0467657
-1317.000000  -10.000000      -0.7075869       3.1024377       1.0610962
-1316.000000  -10.000000      -0.7272945       3.1454032       1.0757913
-1315.000000  -10.000000      -0.7477815       3.1894717       1.0908636
-1314.000000  -10.000000      -0.7690879       3.2346815       1.1063262
-1313.000000  -10.000000      -0.7912564       3.2810725       1.1221929
-1312.000000  -10.000000      -0.8143326       3.3286864       1.1384778
-1311.000000  -10.000000      -0.8383648       3.3775665       1.1551958
-1310.000000  -10.000000      -0.8634046       3.4277580       1.1723623
-1309.000000  -10.000000      -0.8895071       3.4793081       1.1899935
-1308.000000  -10.000000      -0.9167309       3.5322659       1.2081061
-1307.000000  -10.000000      -0.9451388       3.5866825       1.2267177
-1306.000000  -10.000000      -0.9747980       3.6426113       1.2458465
-1305.000000  -10.000000      -1.0057800       3.7001079       1.2655114
-1304.000000  -10.000000      -1.0381618       3.7592302       1.2857324
-1303.000000  -10.000000      -1.0720256       3.8200385       1.3065301
-1302.000000  -10.000000      -1.1074596       3.8825955       1.3279259
-1301.000000  -10.000000      -1.1445587       3.9469668       1.3499422
-1300.000000  -10.000000      -1.1834244       4.0132203       1.3726022
-1299.000000  -10.000000      -1.2241662       4.0814268       1.3959302
-1298.000000  -10.000000      -1.2669017       4.1516598       1.4199513
-1297.000000  -10.000000      -1.3117576       4.2239957       1.4446916
-1296.000000  -10.000000      -1.3588706       4.2985135       1.4701782
-1295.000000  -10.000000      -1.4083879       4.3752955       1.4964392
-1294.000000  -10.000000      -1.4604687       4.4544264       1.5235035
-1293.000000  -10.000000      -1.5152850       4.5359939       1.5514013
-1292.000000  -10.000000      -1.5730227       4.6200886       1.5801634
-1291.000000  -10.000000      -1.6338835       4.7068034       1.6098216
-1290.000000  -10.000000      -1.6980856       4.7962337       1.6404085
-1289.000000  -10.000000      -1.7658660       4.8884771       1.6719576
-1288.000000  -10.000000      -1.8374819       4.9836329       1.7045028
-1287.000000  -10.000000      -1.9132132       5.0818017       1.7380786
-1286.000000  -10.000000      -1.9933640       5.1830850       1.7727195
-1285.000000  -10.000000      -2.0782658       5.2875840       1.8084602
-1284.000000  -10.000000      -2.1682799       5.3953991       1.8453352
-1283.000000  -10.000000      -2.2638004       5.5066285       1.8833779
-1282.000000  -10.000000      -2.3652580       5.6213667       1.9226206
-1281.000000  -10.000000      -2.4731232       5.7397027       1.9630939
-1280.000000  -10.000000      -2.5879106       5.8617178       2.0048256
-1279.000000  -10.000000      -2.7101839       5.9874828       2.0478397
-1278.000000  -10.000000      -2.8405604       6.1170543       2.0921558
-1277.000000  -10.000000      -2.9797169       6.2504711       2.1377870
-1276.000000  -10.000000      -3.1283956       6.3877487       2.1847387
-1275.000000  -10.000000      -3.2874108       6.5288730       2.2330061
-1274.000000  -10.000000      -3.4576565       6.6737932       2.2825717
-1273.000000  -10.000000      -3.6401133       6.8224122       2.3334024
-1272.000000  -10.000000      -3.8358579       6.9745756       2.3854453
-1271.000000  -10.000000      -4.0460706       7.1300581       2.4386235
-1270.000000  -10.000000      -4.2720455       7.2885472       2.4928300
-1269.000000  -10.000000      -4.5151986       7.4496235       2.5479213
-1268.000000  -10.000000      -4.7770773       7.6127362       2.6037091
-1267.000000  -10.000000      -5.0593684       7.7771753       2.6599506
-1266.000000  -10.000000      -5.3639041       7.9420359       2.7163363
-1265.000000  -10.000000      -5.6926667       8.1061780       2.7724762
-1264.000000  -10.000000      -6.0477881       8.2681767       2.8278830
-1263.000000  -10.000000      -6.4315443       8.4262646       2.8819522
-1262.000000  -10.000000      -6.8463408       8.5782636       2.9339389
-1261.000000  -10.000000      -7.2946866       8.7215066       2.9829310
-1260.000000  -10.000000      -7.7791513       8.8527475       3.0278180
-1259.000000  -10.000000      -8.3023009       8.9680606       3.0672574
-1258.000000  -10.000000      -8.8666039       9.0627315       3.0996367
-1257.000000  -10.000000      -9.4743003       9.1311425       3.1230347
-1256.000000  -10.000000     -10.1272228       9.1666606       3.1351826
-1255.000000  -10.000000     -10.8265619       9.1615388       3.1334308
-1254.000000  -10.000000     -11.5725618       9.1068482       3.1147255
-1253.000000  -10.000000     -12.3641434       8.9924664       3.0756046
-1252.000000  -10.000000     -13.1984518       8.8071550       3.0122244
-1251.000000  -10.000000     -14.0703390       8.5387692       2.9204311
-1250.000000  -10.000000     -14.9718113       8.1746465       2.7958938
-1249.000000  -10.000000     -15.8914953       7.7022249       2.6343161
-1248.000000  -10.000000     -16.8142066       7.1099252       2.4317376
-1247.000000  -10.000000     -17.7207426       6.3883053       2.1849291
-1246.000000  -10.000000     -18.5880398       5.5314403       1.8918640
-1245.000000  -10.000000     -19.3898400       4.5384076       1.5522268
-1244.000000  -10.000000     -20.0979682       3.4146700       1.1678859
-1243.000000  -10.000000     -20.6842295       2.1730786       0.7432367
-1242.000000  -10.000000     -21.1227909       0.8341916       0.2853103
-1241.000000  -10.000000     -21.3927496      -0.5743314      -0.1964329
-1240.000000  -10.000000     -21.4804622      -2.0193469      -0.6906573
-1239.000000  -10.000000     -21.3811812      -3.4647157      -1.1850026
-1238.000000  -10.000000     -21.0996444      -4.8742993      -1.6671085
-1237.000000  -10.000000     -20.6494850      -6.2149548      -2.1256397
-1236.000000  -10.000000     -20.0515963      -7.4590239      -2.5511364
-1235.000000  -10.000000     -19.3318011      -8.5859503      -2.9365680
-1234.000000  -10.000000     -18.5182843      -9.5828855      -3.2775399
-1233.000000  -10.000000     -17.6392109     -10.4443695      -3.5721848
-1232.000000  -10.000000     -16.7208287     -11.1713286      -3.8208194
-1231.000000  -10.000000     -15.7861908     -11.7696915      -4.0254716
-1230.000000  -10.000000     -14.8544894     -12.2489052      -4.1893723
-1229.000000  -10.000000     -13.9408979     -12.6205541      -4.3164837
-1228.000000  -10.000000     -13.0567790     -12.8972061      -4.4111043
-1227.000000  -10.000000     -12.2101150     -13.0915298      -4.4775669
-1226.000000  -10.000000     -11.4060425     -13.2156773      -4.5200278
-1225.000000  -10.000000     -10.6474047     -13.2808944      -4.5423334
-1224.000000  -10.000000      -9.9352686     -13.2973119      -4.5479485
-1223.000000  -10.000000      -9.2693775     -13.2738676      -4.5399301
-1222.000000  -10.000000      -8.6485284     -13.2183180      -4.5209310
-1221.000000  -10.000000      -8.0708752     -13.1373063      -4.4932234
-1220.000000  -10.000000      -7.5341643     -13.0364612      -4.4587323
-1219.000000  -10.000000      -7.0359131     -12.9205087      -4.4190742
-1218.000000  -10.000000      -6.5735413     -12.7933868      -4.3755960
-1217.000000  -10.000000      -6.1444638     -12.6583547      -4.3294123
-1216.000000  -10.000000      -5.7461560     -12.5180935      -4.2814401
-1215.000000  -10.000000      -5.3761962     -12.3747959      -4.2324295
-1214.000000  -10.000000      -5.0322912     -12.2302448      -4.1829901
-1213.000000  -10.000000      -4.7122913     -12.0858815      -4.1336149
-1212.000000  -10.000000      -4.4141960     -11.9428634      -4.0846998
-1211.000000  -10.000000      -4.1361533     -11.8021132      -4.0365605
-1210.000000  -10.000000      -3.8764565     -11.6643605      -3.9894462
-1209.000000  -10.000000      -3.6335369     -11.5301757      -3.9435524
-1208.000000  -10.000000      -3.4059561     -11.3999997      -3.8990295
-1207.000000  -10.000000      -3.1923969     -11.2741671      -3.8559922
-1206.000000  -10.000000      -2.9916542     -11.1529263      -3.8145255
-1205.000000  -10.000000      -2.8026259     -11.0364564      -3.7746904
-1204.000000  -10.000000      -2.6243040     -10.9248798      -3.7365290
-1203.000000  -10.000000      -2.4557660     -10.8182745      -3.7000678
-1202.000000  -10.000000      -2.2961676     -10.7166824      -3.6653213
-1201.000000  -10.000000      -2.1447345     -10.6201176      -3.6322942
-1200.000000  -10.000000      -2.0007565     -10.5285724      -3.6009838
-1199.000000  -10.000000      -1.8635807     -10.4420222      -3.5713819
-1198.000000  -10.000000      -1.7326060     -10.3604302      -3.5434758
-1197.000000  -10.000000      -1.6072778     -10.2837504      -3.5172498
-1196.000000  -10.000000      -1.4870833     -10.2119311      -3.4926861
-1195.000000  -10.000000      -1.3715472     -10.1449163      -3.4697657
-1194.000000  -10.000000      -1.2602278     -10.0826486      -3.4484689
-1193.000000  -10.000000      -1.1527132     -10.0250699      -3.4287759
-1192.000000  -10.000000      -1.0486182      -9.9721233      -3.4106670
-1191.000000  -10.000000      -0.9475811      -9.9237537      -3.3941237
-1190.000000  -10.000000      -0.8492614      -9.8799090      -3.3791279
-1189.000000  -10.000000      -0.7533366      -9.8405404      -3.3656630
-1188.000000  -10.000000      -0.6595002      -9.8056033      -3.3537139
-1187.000000  -10.000000      -0.5674598      -9.7750575      -3.3432666
-1186.000000  -10.000000      -0.4769343      -9.7488677      -3.3343091
-1185.000000  -10.000000      -0.3876527      -9.7270035      -3.3268311
-1184.000000  -10.000000      -0.2993520      -9.7094400      -3.3208241
-1183.000000  -10.000000      -0.2117754      -9.6961578      -3.3162813
-1182.000000  -10.000000      -0.1246708      -9.6871428      -3.3131980
-1181.000000  -10.000000      -0.0377889      -9.6823870      -3.3115714
-1180.000000  -10.000000       0.0491180      -9.6818877      -3.3114006
-1179.000000  -10.000000       0.1362980      -9.6856481      -3.3126868
-1178.000000  -10.000000       0.2240008      -9.6936773      -3.3154329
-1177.000000  -10.000000       0.3124795      -9.7059897      -3.3196440
-1176.000000  -10.000000       0.4019924      -9.7226054      -3.3253269
-1175.000000  -10.000000       0.4928043      -9.7435500      -3.3324904
-1174.000000  -10.000000       0.5851884      -9.7688543      -3.3411450
-1173.000000  -10.000000       0.6794285      -9.7985542      -3.3513029
-1172.000000  -10.000000       0.7758203      -9.8326901      -3.3629781
-1171.000000  -10.000000       0.8746740      -9.8713072      -3.3761859
-1170.000000  -10.000000       0.9763163      -9.9144542      -3.3909431
-1169.000000  -10.000000       1.0810928      -9.9621834      -3.4072674
-1168.000000  -10.000000       1.1893707     -10.0145495      -3.4251777
-1167.000000  -10.000000       1.3015415     -10.0716092      -3.4446932
-1166.000000  -10.000000       1.4180242     -10.1334196      -3.4658336
-1165.000000  -10.000000       1.5392685     -10.2000373      -3.4886182
-1164.000000  -10.000000       1.6657586     -10.2715165      -3.5130656
-1163.000000  -10.000000       1.7980171     -10.3479071      -3.5391927
-1162.000000  -10.000000       1.9366099     -10.4292521      -3.5670143
-1161.000000  -10.000000       2.0821502     -10.5155849      -3.5965418
-1160.000000  -10.000000       2.2353048     -10.6069254      -3.6277821
-1159.000000  -10.000000       2.3967992     -10.7032756      -3.6607359
-1158.000000  -10.000000       2.5674243     -10.8046144      -3.6953958
-1157.000000  -10.000000       2.7480432     -10.9108906      -3.7317444
-1156.000000  -10.000000       2.9395989     -11.0220155      -3.7697513
-1155.000000  -10.000000       3.1431219     -11.1378524      -3.8093699
-1154.000000  -10.000000       3.3597391     -11.2582058      -3.8505332
-1153.000000  -10.000000       3.5906828     -11.3828063      -3.8931490
-1152.000000  -10.000000       3.8372993     -11.5112940      -3.9370944
-1151.000000  -10.000000       4.1010587     -11.6431971      -3.9822079
-1150.000000  -10.000000       4.3835632     -11.7779074      -4.0282816
-1149.000000  -10.000000       4.6865553     -11.9146497      -4.0750502
-1148.000000  -10.000000       5.0119235     -12.0524459      -4.1221793
-1147.000000  -10.000000       5.3617058     -12.1900715      -4.1692500
-1146.000000  -10.000000       5.7380883     -12.3260048      -4.2157419
-1145.000000  -10.000000       6.1433979     -12.4583662      -4.2610122
-1144.000000  -10.000000       6.5800848     -12.5848479      -4.3042715
-1143.000000  -10.000000       7.0506932     -12.7026321      -4.3445560
-1142.000000  -10.000000       7.5578140     -12.8082986      -4.3806961
-1141.000000  -10.000000       8.1040128     -12.8977221      -4.4112808
-1140.000000  -10.000000       8.6917287     -12.9659605      -4.4346197
-1139.000000  -10.000000       9.3231320     -13.0071410      -4.4487042
-1138.000000  -10.000000       9.9999323     -13.0143493      -4.4511696
-1137.000000  -10.000000      10.7231270     -12.9795371      -4.4392631
-1136.000000  -10.000000      11.4926800     -12.8934656      -4.4098249
-1135.000000  -10.000000      12.3071252     -12.7457125      -4.3592904
-1134.000000  -10.000000      13.1630963     -12.5247785      -4.2837266
-1133.000000  -10.000000      14.0547972     -12.2183368      -4.1789173
-1132.000000  -10.000000      14.9734479     -11.8136749      -4.0405148
-1131.000000  -10.000000      15.9067667     -11.2983761      -3.8642722
-1130.000000  -10.000000      16.8385828     -10.6612707      -3.6463693
-1129.000000  -10.000000      17.7487063      -9.8936542      -3.3838290
-1128.000000  -10.000000      18.6131997      -8.9907076      -3.0750031
-1127.000000  -10.000000      19.4051910      -7.9529800      -2.7200794
-1126.000000  -10.000000      20.0963092      -6.7877049      -2.3215318
-1125.000000  -10.000000      20.6587229      -5.5096595      -1.8844145
-1124.000000  -10.000000      21.0676017      -4.1412706      -1.4163980
-1123.000000  -10.000000      21.3036682      -2.7117563      -0.9274753
-1122.000000  -10.000000      21.3553953      -1.2552679      -0.4293269
-1121.000000  -10.000000      21.2204069       0.1917673       0.0655883
-1120.000000  -10.000000      20.9057741       1.5936913       0.5450745
-1119.000000  -10.000000      20.4271426       2.9185292       0.9981958
-1118.000000  -10.000000      19.8068830       4.1402856       1.4160611
-1117.000000  -10.000000      19.0716581       5.2403128       1.7922925
-1116.000000  -10.000000      18.2498655       6.2076700       2.1231482
-1115.000000  -10.000000      17.3693554       7.0386062       2.4073451
-1114.000000  -10.000000      16.4556813       7.7354344       2.6456744
-1113.000000  -10.000000      15.5309814       8.3050984       2.8405109
-1112.000000  -10.000000      14.6134509       8.7576980       2.9953091
-1111.000000  -10.000000      13.7172903       9.1051580       3.1141475
-1110.000000  -10.000000      12.8529814       9.3601392       3.2013561
-1109.000000  -10.000000      12.0277537       9.5352245       3.2612389
-1108.000000  -10.000000      11.2461299       9.6423627       3.2978823
-1107.000000  -10.000000      10.5104740       9.6925287       3.3150401
-1106.000000  -10.000000       9.8214940       9.6955515       3.3160739
-1105.000000  -10.000000       9.1786759       9.6600629       3.3039361
-1104.000000  -10.000000       8.5806421       9.5935253       3.2811789
-1103.000000  -10.000000       8.0254376       9.5023101       3.2499815
-1102.000000  -10.000000       7.5107496       9.3918003       3.2121849
-1101.000000  -10.000000       7.0340738       9.2665049       3.1693313
-1100.000000  -10.000000       6.5928346       9.1301717       3.1227026
-1099.000000  -10.000000       6.1844716       8.9858956       3.0733573
-1098.000000  -10.000000       5.8064972       8.8362156       3.0221637
-1097.000000  -10.000000       5.4565355       8.6832027       2.9698302
-1096.000000  -10.000000       5.1323443       8.5285351       2.9169308
-1095.000000  -10.000000       4.8318278       8.3735639       2.8639275
-1094.000000  -10.000000       4.5530400       8.2193688       2.8111897
-1093.000000  -10.000000       4.2941844       8.0668048       2.7590097
-1092.000000  -10.000000       4.0536085       7.9165421       2.7076169
-1091.000000  -10.000000       3.8297970       7.7690987       2.6571883
-1090.000000  -10.000000       3.6213640       7.6248683       2.6078586
-1089.000000  -10.000000       3.4270432       7.4841429       2.5597276
-1088.000000  -10.000000       3.2456794       7.3471314       2.5128670
-1087.000000  -10.000000       3.0762193       7.2139761       2.4673252
-1086.000000  -10.000000       2.9177029       7.0847648       2.4231323
-1085.000000  -10.000000       2.7692553       6.9595415       2.3803034
-1084.000000  -10.000000       2.6300791       6.8383157       2.3388417
-1083.000000  -10.000000       2.4994469       6.7210691       2.2987410
-1082.000000  -10.000000       2.3766957       6.6077616       2.2599876
-1081.000000  -10.000000       2.2612199       6.4983365       2.2225620
-1080.000000  -10.000000       2.1524666       6.3927238       2.1864403
-1079.000000  -10.000000       2.0499303       6.2908441       2.1515954
-1078.000000  -10.000000       1.9531484       6.1926108       2.1179976
-1077.000000  -10.000000       1.8616977       6.0979327       2.0856158
-1076.000000  -10.000000       1.7751897       6.0067151       2.0544176
-1075.000000  -10.000000       1.6932685       5.9188619       2.0243700
-1074.000000  -10.000000       1.6156069       5.8342762       1.9954400
-1073.000000  -10.000000       1.5419041       5.7528616       1.9675945
-1072.000000  -10.000000       1.4718833       5.6745225       1.9408010
-1071.000000  -10.000000       1.4052893       5.5991652       1.9150273
-1070.000000  -10.000000       1.3418868       5.5266978       1.8902420
-1069.000000  -10.000000       1.2814584       5.4570310       1.8664145
-1068.000000  -10.000000       1.2238030       5.3900780       1.8435152
-1067.000000  -10.000000       1.1687345       5.3257547       1.8215154
-1066.000000  -10.000000       1.1160804       5.2639802       1.8003873
-1065.000000  -10.000000       1.0656804       5.2046764       1.7801042
-1064.000000  -10.000000       1.0173858       5.1477685       1.7606405
-1063.000000  -10.000000       0.9710580       5.0931846       1.7419717
-1062.000000  -10.000000       0.9265679       5.0408558       1.7240742
-1061.000000  -10.000000       0.8837950       4.9907166       1.7069256
-1060.000000  -10.000000       0.8426268       4.9427041       1.6905044
-1059.000000  -10.000000       0.8029579       4.8967586       1.6747901
-1058.000000  -10.000000       0.7646895       4.8528233       1.6597633
-1057.000000  -10.000000       0.7277289       4.8108441       1.6454056
-1056.000000  -10.000000       0.6919888       4.7707699       1.6316994
-1055.000000  -10.000000       0.6573870       4.7325521       1.6186282
-1054.000000  -10.000000       0.6238461       4.6961448       1.6061761
-1053.000000  -10.000000       0.5912925       4.6615046       1.5943285
-1052.000000  -10.000000       0.5596568       4.6285908       1.5830713
-1051.000000  -10.000000       0.5288730       4.5973649       1.5723914
-1050.000000  -10.000000       0.4988783       4.5677908       1.5622765
-1049.000000  -10.000000       0.4696126       4.5398349       1.5527150
-1048.000000  -10.000000       0.4410186       4.5134655       1.5436961
-1047.000000  -10.000000       0.4130414       4.4886534       1.5352099
-1046.000000  -10.000000       0.3856280       4.4653713       1.5272469
-1045.000000  -10.000000       0.3587274       4.4435942       1.5197987
-1044.000000  -10.000000       0.3322903       4.4232989       1.5128573
-1043.000000  -10.000000       0.3062689       4.4044644       1.5064155
-1042.000000  -10.000000       0.2806163       4.3870714       1.5004668
-1041.000000  -10.000000       0.2552872       4.3711029       1.4950052
-1040.000000  -10.000000       0.2302367       4.3565434       1.4900256
-1039.000000  -10.000000       0.2054209       4.3433795       1.4855233
-1038.000000  -10.000000       0.1807962       4.3315994       1.4814943
-1037.000000  -10.000000       0.1563196       4.3211935       1.4779352
-1036.000000  -10.000000       0.1319481       4.3121536       1.4748434
-1035.000000  -10.000000       0.1076387       4.3044736       1.4722167
-1034.000000  -10.000000       0.0833482       4.2981489       1.4700535
-1033.000000  -10.000000       0.0590331       4.2931768       1.4683529
-1032.000000  -10.000000       0.0346493       4.2895564       1.4671147
-1031.000000  -10.000000       0.0101521       4.2872885       1.4663390
-1030.000000  -10.000000      -0.0145044       4.2863758       1.4660269
-1029.000000  -10.000000      -0.0393670       4.2868225       1.4661796
-1028.000000  -10.000000      -0.0644838       4.2886348       1.4667995
-1027.000000  -10.000000      -0.0899048       4.2918207       1.4678891
-1026.000000  -10.000000      -0.1156816       4.2963898       1.4694518
-1025.000000  -10.000000      -0.1418678       4.3023537       1.4714916
-1024.000000  -10.000000      -0.1685196       4.3097257       1.4740130
-1023.000000  -10.000000      -0.1956955       4.3185211       1.4770212
-1022.000000  -10.000000      -0.2234573       4.3287567       1.4805220
-1021.000000  -10.000000      -0.2518699       4.3404516       1.4845219
-1020.000000  -10.000000      -0.2810020       4.3536265       1.4890280
-1019.000000  -10.000000      -0.3109262       4.3683039       1.4940479
-1018.000000  -10.000000      -0.3417199       4.3845083       1.4995901
-1017.000000  -10.000000      -0.3734653       4.4022659       1.5056636
-1016.000000  -10.000000      -0.4062501       4.4216050       1.5122780
-1015.000000  -10.000000      -0.4401683       4.4425553       1.5194434
-1014.000000  -10.000000      -0.4753206       4.4651485       1.5271707
-1013.000000  -10.000000      -0.5118151       4.4894178       1.5354713
-1012.000000  -10.000000      -0.5497681       4.5153981       1.5443571
-1011.000000  -10.000000      -0.5893053       4.5431255       1.5538405
-1010.000000  -10.000000      -0.6305621       4.5726376       1.5639342
-1009.000000  -10.000000      -0.6736851       4.6039727       1.5746514
-1008.000000  -10.000000      -0.7188333       4.6371700       1.5860055
-1007.000000  -10.000000      -0.7661791       4.6722690       1.5980101
-1006.000000  -10.000000      -0.8159099       4.7093091       1.6106786
-1005.000000  -10.000000      -0.8682298       4.7483290       1.6240242
-1004.000000  -10.000000      -0.9233612       4.7893661       1.6380597
-1003.000000  -10.000000      -0.9815467       4.8324556       1.6527972
-1002.000000  -10.000000      -1.0430513       4.8776294       1.6682475
-1001.000000  -10.000000      -1.1081652       4.9249147       1.6844200
-1000.000000  -10.000000      -1.1772058       4.9743326       1.7013220
-999.000000  -10.000000      -1.2505213       5.0258964       1.7189578
-998.000000  -10.000000      -1.3284934       5.0796086       1.7373285
-997.000000  -10.000000      -1.4115414       5.1354586       1.7564303
-996.000000  -10.000000      -1.5001258       5.1934190       1.7762539
-995.000000  -10.000000      -1.5947530       5.2534415       1.7967828
-994.000000  -10.000000      -1.6959795       5.3154516       1.8179915
-993.000000  -10.000000      -1.8044176       5.3793424       1.8398435
-992.000000  -10.000000      -1.9207406       5.4449673       1.8622885
-991.000000  -10.000000      -2.0456884       5.5121305       1.8852596
-990.000000  -10.000000      -2.1800741       5.5805761       1.9086694
-989.000000  -10.000000      -2.3247898       5.6499749       1.9324052
-988.000000  -10.000000      -2.4808127       5.7199079       1.9563237
-987.000000  -10.000000      -2.6492109       5.7898470       1.9802443
-986.000000  -10.000000      -2.8311484       5.8591316       2.0039410
-985.000000  -10.000000      -3.0278884       5.9269405       2.0271330
-984.000000  -10.000000      -3.2407942       5.9922582       2.0494730
-983.000000  -10.000000      -3.4713271       6.0538354       2.0705336
-982.000000  -10.000000      -3.7210388       6.1101416       2.0897915
-981.000000  -10.000000      -3.9915561       6.1593102       2.1066081
-980.000000  -10.000000      -4.2845558       6.1990745       2.1202084
-979.000000  -10.000000      -4.6017260       6.2266953       2.1296552
-978.000000  -10.000000      -4.9447071       6.2388791       2.1338223
-977.000000  -10.000000      -5.3150098       6.2316899       2.1313635
-976.000000  -10.000000      -5.7138997       6.2004574       2.1206813
-975.000000  -10.000000      -6.1422421       6.1396868       2.0998966
-974.000000  -10.000000      -6.6002974       6.0429811       2.0668213
-973.000000  -10.000000      -7.0874578       5.9029905       2.0189417
-972.000000  -10.000000      -7.6019199       5.7114100       1.9534173
-971.000000  -10.000000      -8.1402900       5.4590548       1.8671067
-970.000000  -10.000000      -8.6971317       5.1360513       1.7566330
-969.000000  -10.000000      -9.2644776       4.7321870       1.6185033
-968.000000  -10.000000      -9.8313531       4.2374660       1.4492987
-967.000000  -10.000000     -10.3833854       3.6429073       1.2459477
-966.000000  -10.000000     -10.9026074       2.9415996       1.0060863
-965.000000  -10.000000     -11.3675907       2.1299806       0.7284963
-964.000000  -10.000000     -11.7540530       1.2092387       0.4135840
-963.000000  -10.000000     -12.0360559       0.1866493       0.0638378
-962.000000  -10.000000     -12.1878300      -0.9234270      -0.3158306
-961.000000  -10.000000     -12.1861251      -2.0992019      -0.7179693
-960.000000  -10.000000     -12.0128083      -3.3120585      -1.1327907
-959.000000  -10.000000     -11.6572666      -4.5282432      -1.5487504
-958.000000  -10.000000     -11.1180855      -5.7115597      -1.9534685
-957.000000  -10.000000     -10.4035298      -6.8266972      -2.3348680
-956.000000  -10.000000      -9.5305693      -7.8425803      -2.6823204
-955.000000  -10.000000      -8.5225313      -8.7350336      -2.9875574
-954.000000  -10.000000      -7.4058236      -9.4881463      -3.2451371
-953.000000  -10.000000      -6.2064523     -10.0940080      -3.4523541
-952.000000  -10.000000      -4.9471584     -10.5508926      -3.6086178
-951.000000  -10.000000      -3.6458685     -10.8603805      -3.7144689
-950.000000  -10.000000      -2.3158251     -11.0242175      -3.7705044
-949.000000  -10.000000      -0.9673015     -11.0417977      -3.7765172
-948.000000  -10.000000       0.3896415     -10.9089907      -3.7310945
-947.000000  -10.000000       1.7421932     -10.6186491      -3.6317919
-946.000000  -10.000000       3.0725030     -10.1626593      -3.4758342
-945.000000  -10.000000       4.3567328      -9.5349800      -3.2611552
-944.000000  -10.000000       5.5657470      -8.7348844      -2.9875064
-943.000000  -10.000000       6.6673207      -7.7696081      -2.6573625
-942.000000  -10.000000       7.6294083      -6.6557792      -2.2764106
-941.000000  -10.000000       8.4237993      -5.4193000      -1.8535098
-940.000000  -10.000000       9.0294363      -4.0936889      -1.4001241
-939.000000  -10.000000       9.4347666      -2.7172120      -0.9293412
-938.000000  -10.000000       9.6387316      -1.3293674      -0.4546704
-937.000000  -10.000000       9.6503070       0.0326171       0.0111557
-936.000000  -10.000000       9.4868140       1.3366802       0.4571716
-935.000000  -10.000000       9.1714454       2.5578281       0.8748287
-934.000000  -10.000000       8.7305250       3.6789143       1.2582628
-933.000000  -10.000000       8.1909650       4.6904150       1.6042164
-932.000000  -10.000000       7.5782309       5.5894718       1.9117120
-931.000000  -10.000000       6.9149499       6.3785252       2.1815841
-930.000000  -10.000000       6.2201484       7.0638294       2.4159720
-929.000000  -10.000000       5.5090121       7.6540620       2.6178434
-928.000000  -10.000000       4.7930209       8.1591487       2.7905932
-927.000000  -10.000000       4.0803149       8.5893515       2.9377312
-926.000000  -10.000000       3.3761743       8.9546128       3.0626579
-925.000000  -10.000000       2.6835254       9.2641205       3.1685158
-924.000000  -10.000000       2.0034209       9.5260463       3.2580997
-923.000000  -10.000000       1.3354664       9.7474090       3.3338102
-922.000000  -10.000000       0.6781808       9.9340226       3.3976358
-921.000000  -10.000000       0.0292941      10.0904945       3.4511524
-920.000000  -10.000000      -0.6140102      10.2202496       3.4955312
-919.000000  -10.000000      -1.2548969      10.3255626       3.5315504
-918.000000  -10.000000      -1.8967114      10.4075871       3.5596044
-917.000000  -10.000000      -2.5428289      10.4663750       3.5797111
-916.000000  -10.000000      -3.1965076      10.5008839       3.5915138
-915.000000  -10.000000      -3.8607323      10.5089745       3.5942810
-914.000000  -10.000000      -4.5380345      10.4874037       3.5869033
-913.000000  -10.000000      -5.2302777      10.4318234       3.5678937
-912.000000  -10.000000      -5.9383965      10.3368015       3.5353943
-911.000000  -10.000000      -6.6620822      10.1958877       3.4871990
-910.000000  -10.000000      -7.3994127      10.0017548       3.4208016
-909.000000  -10.000000      -8.1464377       9.7464540       3.3334836
-908.000000  -10.000000      -8.8967439       9.4218282       3.2224550
-907.000000  -10.000000      -9.6410513       9.0201288       3.0850657
-906.000000  -10.000000     -10.3669214       8.5348705       2.9190976
-905.000000  -10.000000     -11.0586901       7.9619324       2.7231413
-904.000000  -10.000000     -11.6977692       7.3008645       2.4970427
-903.000000  -10.000000     -12.2634645       6.5562822       2.2423806
-902.000000  -10.000000     -12.7344305       5.7391437       1.9629027
-901.000000  -10.000000     -13.0907952       4.8676098       1.6648206
-900.000000  -10.000000     -13.3168400       3.9671416       1.3568424
-899.000000  -10.000000     -13.4039337       3.0695126       1.0498351
-898.000000  -10.000000     -13.3532368       2.2105541       0.7560540
-897.000000  -10.000000     -13.1775837       1.4266918       0.4879573
-896.000000  -10.000000     -12.9019806       0.7506286       0.2567301
-895.000000  -10.000000     -12.5623427       0.2068008       0.0707300
-894.000000  -10.000000     -12.2024091      -0.1926173      -0.0658790
-893.000000  -10.000000     -11.8691334      -0.4503933      -0.1540436
-892.000000  -10.000000     -11.6071728      -0.5850228      -0.2000896
-891.000000  -10.000000     -11.4533027      -0.6293503      -0.2152505
-890.000000  -10.000000     -11.4316392      -0.6271261      -0.2144898
-889.000000  -10.000000     -11.5504401      -0.6279613      -0.2147754
-888.000000  -10.000000     -11.8009988      -0.6814225      -0.2330602
-887.000000  -10.000000     -12.1587973      -0.8311529      -0.2842710
-886.000000  -10.000000     -12.5867084      -1.1098857      -0.3796033
-885.000000  -10.000000     -13.0397189      -1.5360448      -0.5253583
-884.000000  -10.000000     -13.4704275      -2.1123501      -0.7224663
-883.000000  -10.000000     -13.8344905      -2.8265132      -0.9667244
-882.000000  -10.000000     -14.0952371      -3.6537814      -1.2496668
-881.000000  -10.000000     -14.2268550      -4.5608070      -1.5598879
-880.000000  -10.000000     -14.2158230      -5.5101353      -1.8845773
-879.000000  -10.000000     -14.0606023      -6.4645642      -2.2110112
-878.000000  -10.000000     -13.7699003      -7.3907428      -2.5277829
-877.000000  -10.000000     -13.3600317      -8.2616126      -2.8256379
-876.000000  -10.000000     -12.8519599      -9.0575818      -3.0978754
-875.000000  -10.000000     -12.2685218      -9.7665746      -3.3403653
-874.000000  -10.000000     -11.6321719     -10.3832540      -3.5512820
-873.000000  -10.000000     -10.9633959     -10.9077678      -3.7306763
-872.000000  -10.000000     -10.2797822     -11.3443286      -3.8799889
-871.000000  -10.000000      -9.5956452     -11.6998576      -4.0015870
-870.000000  -10.000000      -8.9220513     -11.9828239      -4.0983671
-869.000000  -10.000000      -8.2670991     -12.2023374      -4.1734452
-868.000000  -10.000000      -7.6363319     -12.3674936      -4.2299319
-867.000000  -10.000000      -7.0331925     -12.4869391      -4.2707847
-866.000000  -10.000000      -6.4594638     -12.5686144      -4.2987193
-865.000000  -10.000000      -5.9156620     -12.6196269      -4.3161666
-864.000000  -10.000000      -5.4013700     -12.6462164      -4.3252607
-863.000000  -10.000000      -4.9155080     -12.6537787      -4.3278472
-862.000000  -10.000000      -4.4565460     -12.6469251      -4.3255031
-861.000000  -10.000000      -4.0226663     -12.6295588      -4.3195635
-860.000000  -10.000000      -3.6118839     -12.6049585      -4.3111497
-859.000000  -10.000000      -3.2221332     -12.5758609      -4.3011978
-858.000000  -10.000000      -2.8513287     -12.5445377      -4.2904846
-857.000000  -10.000000      -2.4974052     -12.5128652      -4.2796519
-856.000000  -10.000000      -2.1583434     -12.4823864      -4.2692276
-855.000000  -10.000000      -1.8321830     -12.4543636      -4.2596432
-854.000000  -10.000000      -1.5170289     -12.4298234      -4.2512500
-853.000000  -10.000000      -1.2110505     -12.4095950      -4.2443314
-852.000000  -10.000000      -0.9124770     -12.3943404      -4.2391141
-851.000000  -10.000000      -0.6195900     -12.3845805      -4.2357760
-850.000000  -10.000000      -0.3307135     -12.3807144      -4.2344537
-849.000000  -10.000000      -0.0442026     -12.3830347      -4.2352473
-848.000000  -10.000000       0.2415685     -12.3917384      -4.2382241
-847.000000  -10.000000       0.5282196     -12.4069340      -4.2434213
-846.000000  -10.000000       0.8173780     -12.4286447      -4.2508469
-845.000000  -10.000000       1.1106920     -12.4568084      -4.2604794
-844.000000  -10.000000       1.4098451     -12.4912731      -4.2722670
-843.000000  -10.000000       1.7165697     -12.5317901      -4.2861246
-842.000000  -10.000000       2.0326611     -12.5780015      -4.3019299
-841.000000  -10.000000       2.3599912     -12.6294248      -4.3195177
-840.000000  -10.000000       2.7005206     -12.6854316      -4.3386731
-839.000000  -10.000000       3.0563109     -12.7452210      -4.3591223
-838.000000  -10.000000       3.4295334     -12.8077868      -4.3805211
-837.000000  -10.000000       3.8224763     -12.8718772      -4.4024413
-836.000000  -10.000000       4.2375463     -12.9359466      -4.4243543
-835.000000  -10.000000       4.6772643     -12.9980975      -4.4456112
-834.000000  -10.000000       5.1442517     -13.0560131      -4.4654195
-833.000000  -10.000000       5.6412046     -13.1068776      -4.4828161
-832.000000  -10.000000       6.1708502     -13.1472866      -4.4966368
-831.000000  -10.000000       6.7358809     -13.1731460      -4.5054813
-830.000000  -10.000000       7.3388573     -13.1795625      -4.5076759
-829.000000  -10.000000       7.9820738     -13.1607296      -4.5012346
-828.000000  -10.000000       8.6673745     -13.1098170      -4.4838215
-827.000000  -10.000000       9.3959109     -13.0188749      -4.4527175
-826.000000  -10.000000      10.1678309     -12.8787716      -4.4047993
-825.000000  -10.000000      10.9818930     -12.6791909      -4.3365387
-824.000000  -10.000000      11.8350055     -12.4087226      -4.2440331
-823.000000  -10.000000      12.7217033     -12.0550903      -4.1230837
-822.000000  -10.000000      13.6335933     -11.6055648      -3.9693369
-821.000000  -10.000000      14.5588260     -11.0476110      -3.7785055
-820.000000  -10.000000      15.4816819     -10.3698023      -3.5466813
-819.000000  -10.000000      16.3823955      -9.5630059      -3.2707407
-818.000000  -10.000000      17.2373604      -8.6217840      -2.9488238
-817.000000  -10.000000      18.0198578      -7.5458830      -2.5808440
-816.000000  -10.000000      18.7014023      -6.3415931      -2.1689526
-815.000000  -10.000000      19.2537002      -5.0226952      -1.7178629
-814.000000  -10.000000      19.6510673      -3.6106942      -1.2349302
-813.000000  -10.000000      19.8729918      -2.1341088      -0.7299082
-812.000000  -10.000000      19.9064073      -0.6267557      -0.2143631
-811.000000  -10.000000      19.7472273       0.8748054       0.2992011
-810.000000  -10.000000      19.4008067       2.3342823       0.7983716
-809.000000  -10.000000      18.8812267       3.7185982       1.2718355
-808.000000  -10.000000      18.2095649       5.0002816       1.7101970
-807.000000  -10.000000      17.4115223       6.1589540       2.1064863
-806.000000  -10.000000      16.5148655       7.1818023       2.4563210
-805.000000  -10.000000      15.5471003       8.0631426       2.7577572
-804.000000  -10.000000      14.5336598       8.8033291       3.0109159
-803.000000  -10.000000      13.4967271       9.4073111       3.2174899
-802.000000  -10.000000      12.4546725       9.8831121       3.3802234
-801.000000  -10.000000      11.4220018      10.2404308       3.5024336
-800.000000  -10.000000      10.4096728      10.4894763       3.5876122
-799.000000  -10.000000       9.4256457      10.6400838       3.6391230
-798.000000  -10.000000       8.4755549      10.7011054       3.6599936
-797.000000  -10.000000       7.5634265      10.6800488       3.6527918
-796.000000  -10.000000       6.6923924      10.5829309       3.6195755
-795.000000  -10.000000       5.8653714      10.4143184       3.5619067
-794.000000  -10.000000       5.0857002      10.1775400       3.4809237
-793.000000  -10.000000       4.3576929       9.8750672       3.3774719
-792.000000  -10.000000       3.6870987       9.5090691       3.2522932
-791.000000  -10.000000       3.0814054       9.0821439       3.1062762
-790.000000  -10.000000       2.5499148       8.5982177       2.9407636
-789.000000  -10.000000       2.1034937       8.0635616       2.7579005
-788.000000  -10.000000       1.7539022       7.4878278       2.5609879
-787.000000  -10.000000       1.5126245       6.8849290       2.3547844
-786.000000  -10.000000       1.3892072       6.2735223       2.1456710
-785.000000  -10.000000       1.3892321       5.6768213       1.9415872
-784.000000  -10.000000       1.5122177       5.1215033       1.7516573
-783.000000  -10.000000       1.7498938       4.6356209       1.5854757
-782.000000  -10.000000       2.0853591       4.2456755       1.4521065
-781.000000  -10.000000       2.4935483       3.9732991       1.3589483
-780.000000  -10.000000       2.9431676       3.8322120       1.3106937
-779.000000  -10.000000       3.3998776       3.8261745       1.3086287
-778.000000  -10.000000       3.8301316       3.9484588       1.3504524
-777.000000  -10.000000       4.2048697       4.1829845       1.4306650
-776.000000  -10.000000       4.5023155       4.5068285       1.5414261
-775.000000  -10.000000       4.7094013       4.8934878       1.6736714
-774.000000  -10.000000       4.8217392       5.3161742       1.8182387
-773.000000  -10.000000       4.8424092       5.7505334       1.9667983
-772.000000  -10.000000       4.7800370       6.1764460       2.1124690
-771.000000  -10.000000       4.6466629       6.5788486       2.2500987
-770.000000  -10.000000       4.4557941       6.9477305       2.3762638
-769.000000  -10.000000       4.2208730       7.2775654       2.4890739
-768.000000  -10.000000       3.9542338       7.5664475       2.5878775
-767.000000  -10.000000       3.6665131       7.8151516       2.6729393
-766.000000  -10.000000       3.3664191       8.0262611       2.7451430
-765.000000  -10.000000       3.0607500       8.2034409       2.8057420
-764.000000  -10.000000       2.7545635       8.3508779       2.8561684
-763.000000  -10.000000       2.4514179       8.4728818       2.8978962
-762.000000  -10.000000       2.1536349       8.5736202       2.9323508
-761.000000  -10.000000       1.8625495       8.6569589       2.9608543
-760.000000  -10.000000       1.5787304       8.7263779       2.9845970
-759.000000  -10.000000       1.3021653       8.7849412       3.0046268
-758.000000  -10.000000       1.0324100       8.8352985       3.0218501
-757.000000  -10.000000       0.7687039       8.8797082       3.0370391
-756.000000  -10.000000       0.5100584       8.9200691       3.0508433
-755.000000  -10.000000       0.2553205       8.9579572       3.0638018
-754.000000  -10.000000       0.0032187       8.9946602       3.0763550
-753.000000  -10.000000      -0.2476066       9.0312105       3.0888559
-752.000000  -10.000000      -0.4985839       9.0684127       3.1015798
-751.000000  -10.000000      -0.7512001       9.1068660       3.1147316
-750.000000  -10.000000      -1.0069966       9.1469812       3.1284518
-749.000000  -10.000000      -1.2675703       9.1889913       3.1428201
-748.000000  -10.000000      -1.5345780       9.2329569       3.1578572
-747.000000  -10.000000      -1.8097434       9.2787647       3.1735244
-746.000000  -10.000000      -2.0948651       9.3261206       3.1897211
-745.000000  -10.000000      -2.3918254       9.3745355       3.2062800
-744.000000  -10.000000      -2.7025987       9.4233045       3.2229599
-743.000000  -10.000000      -3.0292580       9.4714781       3.2394363
-742.000000  -10.000000      -3.3739787       9.5178256       3.2552881
-741.000000  -10.000000      -3.7390376       9.5607884       3.2699822
-740.000000  -10.000000      -4.1268055       9.5984237       3.2828542
-739.000000  -10.000000      -4.5397289       9.6283375       3.2930854
-738.000000  -10.000000      -4.9802994       9.6476058       3.2996755
-737.000000  -10.000000      -5.4510038       9.6526843       3.3014125
-736.000000  -10.000000      -5.9542495       9.6393075       3.2968373
-735.000000  -10.000000      -6.4922581       9.6023807       3.2842076
-734.000000  -10.000000      -7.0669175       9.5358678       3.2614589
-733.000000  -10.000000      -7.6795834       9.4326855       3.2261685
-732.000000  -10.000000      -8.3308181       9.2846163       3.1755258
-731.000000  -10.000000      -9.0200603       9.0822600       3.1063159
-730.000000  -10.000000      -9.7452172       8.8150529       3.0149257
-729.000000  -10.000000     -10.5021840       8.4713897       2.8973859
-728.000000  -10.000000     -11.2843054       8.0388944       2.7494638
-727.000000  -10.000000     -12.0818161       7.5048888       2.5668231
-726.000000  -10.000000     -12.8813236       6.8571057       2.3452683
-725.000000  -10.000000     -13.6654326       6.0846753       2.0810815
-724.000000  -10.000000     -14.4126367       5.1793767       1.7714511
-723.000000  -10.000000     -15.0976264       4.1370856       1.4149666
-722.000000  -10.000000     -15.6921478       2.9592705       1.0121301
-721.000000  -10.000000     -16.1664877       1.6543008       0.5658042
-720.000000  -10.000000     -16.4915522       0.2382754       0.0814950
-719.000000  -10.000000     -16.6413465      -1.2649204      -0.4326283
-718.000000  -10.000000     -16.5955090      -2.8245299      -0.9660461
-717.000000  -10.000000     -16.3414534      -4.4048220      -1.5065379
-716.000000  -10.000000     -15.8756821      -5.9677517      -2.0410913
-715.000000  -10.000000     -15.2039872      -7.4759549      -2.5569272
-714.000000  -10.000000     -14.3404971      -8.8955533      -3.0424584
-713.000000  -10.000000     -13.3057908     -10.1982960      -3.4880227
-712.000000  -10.000000     -12.1244868     -11.3627438      -3.8862873
-711.000000  -10.000000     -10.8227716     -12.3744388      -4.2323073
-710.000000  -10.000000      -9.4262664     -13.2252109      -4.5232885
-709.000000  -10.000000      -7.9584824     -13.9118993      -4.7581498
-708.000000  -10.000000      -6.4399585     -14.4347994      -4.9369922
-707.000000  -10.000000      -4.8880447     -14.7961084      -5.0605671
-706.000000  -10.000000      -3.3172177     -14.9985642      -5.1298111
-705.000000  -10.000000      -1.7397882     -15.0444025      -5.1454887
-704.000000  -10.000000      -0.1668597     -14.9346902      -5.1079649
-703.000000  -10.000000       1.3905837     -14.6690650      -5.0171157
-702.000000  -10.000000       2.9205737     -14.2458848      -4.8723795
-701.000000  -10.000000       4.4091453     -13.6627860      -4.6729480
-700.000000  -10.000000       5.8395364     -12.9176324      -4.4180905
-699.000000  -10.000000       7.1917343     -12.0098060      -4.1075956
-698.000000  -10.000000       8.4425118     -10.9417403      -3.7422956
-697.000000  -10.000000       9.5660807      -9.7205248      -3.3246153
-696.000000  -10.000000      10.5354282      -8.3593291      -2.8590589
-695.000000  -10.000000      11.3242897      -6.8783441      -2.3525322
-694.000000  -10.000000      11.9095586      -5.3049424      -1.8143972
-693.000000  -10.000000      12.2737747      -3.6728587      -1.2561917
-692.000000  -10.000000      12.4072401      -2.0203763      -0.6910094
-691.000000  -10.000000      12.3093226      -0.3877446      -0.1326165
-690.000000  -10.000000      11.9886627       1.1857453       0.4055488
-689.000000  -10.000000      11.4622417       2.6645004       0.9113128
-688.000000  -10.000000      10.7535375       4.0187111       1.3744801
-687.000000  -10.000000       9.8901750       5.2254913       1.7872233
-686.000000  -10.000000       8.9015380       6.2690237       2.1441324
-685.000000  -10.000000       7.8167386       7.1398657       2.4419779
-684.000000  -10.000000       6.6631967       7.8337064       2.6792854
-683.000000  -10.000000       5.4659139       8.3498945       2.8558321
-682.000000  -10.000000       4.2474023       8.6900235       2.9721631
-681.000000  -10.000000       3.0281363       8.8567864       3.0291994
-680.000000  -10.000000       1.8273663       8.8532375       3.0279855
-679.000000  -10.000000       0.6641145       8.6825350       2.9696019
-678.000000  -10.000000      -0.4418193       8.3481915       2.8552497
-677.000000  -10.000000      -1.4690208       7.8548165       2.6865055
-676.000000  -10.000000      -2.3939714       7.2092928       2.4657234
-675.000000  -10.000000      -3.1910830       6.4222681       2.1965450
-674.000000  -10.000000      -3.8334114       5.5097652       1.8844507
-673.000000  -10.000000      -4.2941351       4.4946344       1.5372555
-672.000000  -10.000000      -4.5487710       3.4075065       1.1654358
-671.000000  -10.000000      -4.5779376       2.2869048       0.7821675
-670.000000  -10.000000      -4.3703022       1.1782541       0.4029866
-669.000000  -10.000000      -3.9252311       0.1317064       0.0450462
-668.000000  -10.000000      -3.2546377      -0.8010631      -0.2739797
-667.000000  -10.000000      -2.3836358      -1.5707096      -0.5372143
-666.000000  -10.000000      -1.3498147      -2.1342069      -0.7299417
-665.000000  -10.000000      -0.2011910      -2.4584422      -0.8408368
-664.000000  -10.000000       1.0069133      -2.5229872      -0.8629124
-663.000000  -10.000000       2.2157106      -2.3217642      -0.7940901
-662.000000  -10.000000       3.3671167      -1.8634641      -0.6373423
-661.000000  -10.000000       4.4078584      -1.1706821      -0.4003969
-660.000000  -10.000000       5.2931277      -0.2778332      -0.0950246
-659.000000  -10.000000       5.9893983       0.7719718       0.2640299
-658.000000  -10.000000       6.4760677       1.9307648       0.6603604
-657.000000  -10.000000       6.7457234       3.1498047       1.0772967
-656.000000  -10.000000       6.8030439       4.3833739       1.4992022
-655.000000  -10.000000       6.6625816       5.5917949       1.9125065
-654.000000  -10.000000       6.3458613       6.7433514       2.3063620
-653.000000  -10.000000       5.8782955       7.8150246       2.6728958
-652.000000  -10.000000       5.2863644       8.7921841       3.0071041
-651.000000  -10.000000       4.5953627       9.6675144       3.3064847
-650.000000  -10.000000       3.8278421      10.4395116       3.5705232
-649.000000  -10.000000       3.0027332      11.1108490       3.8001342
-648.000000  -10.000000       2.1350353      11.6868321       3.9971320
-647.000000  -10.000000       1.2359204      12.1740704       4.1637773
-646.000000  -10.000000       0.3131053      12.5794168       4.3024139
-645.000000  -10.000000      -0.6286309      12.9091691       4.4151959
-644.000000  -10.000000      -1.5868708      13.1684996       4.5038921
-643.000000  -10.000000      -2.5609737      13.3610650       4.5697534
-642.000000  -10.000000      -3.5515084      13.4887526       4.6134251
-641.000000  -10.000000      -4.5597055      13.5515264       4.6348950
-640.000000  -10.000000      -5.5869211      13.5473500       4.6334666
-639.000000  -10.000000      -6.6340975      13.4721786       4.6077564
-638.000000  -10.000000      -7.7012039      13.3200246       4.5557167
-637.000000  -10.000000      -8.7866476      13.0831202       4.4746906
-636.000000  -10.000000      -9.8866567      12.7522086       4.3615122
-635.000000  -10.000000     -10.9946539      12.3170096       4.2126654
-634.000000  -10.000000     -12.1006695      11.7669045       4.0245184
-633.000000  -10.000000     -13.1908701      11.0918769       3.7936453
-632.000000  -10.000000     -14.2473186      10.2837173       3.5172385
-631.000000  -10.000000     -15.2481048       9.3374484       3.1935954
-630.000000  -10.000000     -16.1679847       8.2528523       2.8226417
-629.000000  -10.000000     -16.9796359       7.0358981       2.4064189
-628.000000  -10.000000     -17.6555346       5.6997920       1.9494437
-627.000000  -10.000000     -18.1703271       4.2653486       1.4588351
-626.000000  -10.000000     -18.5033984       2.7604384       0.9441256
-625.000000  -10.000000     -18.6412177       1.2184218       0.4167248
-624.000000  -10.000000     -18.5790017      -0.3242994      -0.1109169
-623.000000  -10.000000     -18.3213405      -1.8312516      -0.6263249
-622.000000  -10.000000     -17.8816428      -3.2688757      -1.1180213
-621.000000  -10.000000     -17.2805275      -4.6090212      -1.5763781
-620.000000  -10.000000     -16.5435077      -5.8305756      -1.9941743
-619.000000  -10.000000     -15.6984222      -6.9200822      -2.3668075
-618.000000  -10.000000     -14.7730426      -7.8714265      -2.6921864
-617.000000  -10.000000     -13.7931573      -8.6848275      -2.9703860
-616.000000  -10.000000     -12.7812750      -9.3654365      -3.2031679
-615.000000  -10.000000     -11.7559413      -9.9218227      -3.3934632
-614.000000  -10.000000     -10.7315715     -10.3645540      -3.5448863
-613.000000  -10.000000      -9.7186547     -10.7049963      -3.6613244
-612.000000  -10.000000      -8.7241912     -10.9543759      -3.7466172
-611.000000  -10.000000      -7.7522417     -11.1231018      -3.8043249
-610.000000  -10.000000      -6.8045087     -11.2203085      -3.8375715
-609.000000  -10.000000      -5.8808949     -11.2535723      -3.8489484
-608.000000  -10.000000      -4.9800168     -11.2287519      -3.8404593
-607.000000  -10.000000      -4.0996672     -11.1499127      -3.8134947
-606.000000  -10.000000      -3.2372332     -11.0193039      -3.7688239
-605.000000  -10.000000      -2.3900876     -10.8373682      -3.7065982
-604.000000  -10.000000      -1.5559699     -10.6027762      -3.6263630
-603.000000  -10.000000      -0.7333788     -10.3124865      -3.5270781
-602.000000  -10.000000       0.0780072      -9.9618466      -3.4071522
-601.000000  -10.000000       0.8768680      -9.5447570      -3.2644992
-600.000000  -10.000000       1.6597368      -9.0539351      -3.0966282
-599.000000  -10.000000       2.4204624      -8.4813232      -2.9007834
-598.000000  -10.000000       3.1496755      -7.8186902      -2.6741495
-597.000000  -10.000000       3.8343219      -7.0584758      -2.4141409
-596.000000  -10.000000       4.4573612      -6.1949053      -2.1187824
-595.000000  -10.000000       4.9977653      -5.2253692      -1.7871815
-594.000000  -10.000000       5.4309686      -4.1519975      -1.4200668
-593.000000  -10.000000       5.7299180      -2.9832754      -1.0203403
-592.000000  -10.000000       5.8668119      -1.7354574      -0.5935614
-591.000000  -10.000000       5.8155098      -0.4334653      -0.1482539
-590.000000  -10.000000       5.5544349       0.8890528       0.3040739
-589.000000  -10.000000       5.0696235       2.1907489       0.7492803
-588.000000  -10.000000       4.3574565       3.4247615       1.1713374
-587.000000  -10.000000       3.4265876       4.5419023       1.5534221
-586.000000  -10.000000       2.2986963       5.4944720       1.8792201
-585.000000  -10.000000       1.0079009       6.2402028       2.1342750
-584.000000  -10.000000      -0.4011023       6.7458253       2.3072081
-583.000000  -10.000000      -1.8759235       6.9898651       2.3906747
-582.000000  -10.000000      -3.3600550       6.9644233       2.3819730
-581.000000  -10.000000      -4.7967922       6.6758256       2.2832668
-580.000000  -10.000000      -6.1331749       6.1441075       2.1014085
-579.000000  -10.000000      -7.3236228       5.4013599       1.8473739
-578.000000  -10.000000      -8.3329243       4.4890388       1.5353417
-577.000000  -10.000000      -9.1382379       3.4544666       1.1814972
-576.000000  -10.000000      -9.7298438       2.3469024       0.8026879
-575.000000  -10.000000     -10.1105530       1.2136750       0.4151013
-574.000000  -10.000000     -10.2939082       0.0968874       0.0331374
-573.000000  -10.000000     -10.3015309      -0.9689139      -0.3313881
-572.000000  -10.000000     -10.1600904      -1.9579185      -0.6696476
-571.000000  -10.000000      -9.8983696      -2.8531298      -0.9758279
-570.000000  -10.000000      -9.5447909      -3.6455708      -1.2468587
-569.000000  -10.000000      -9.1255997      -4.3329379      -1.4819521
-568.000000  -10.000000      -8.6637421      -4.9180237      -1.6820632
-567.000000  -10.000000      -8.1783545      -5.4071617      -1.8493582
-566.000000  -10.000000      -7.6847226      -5.8088590      -1.9867468
-565.000000  -10.000000      -7.1945530      -6.1326965      -2.0975058
-564.000000  -10.000000      -6.7164195      -6.3885109      -2.1849994
-563.000000  -10.000000      -6.2562786      -6.5858326      -2.2524874
-562.000000  -10.000000      -5.8179820      -6.7335349      -2.3030046
-561.000000  -10.000000      -5.4037447      -6.8396445      -2.3392962
-560.000000  -10.000000      -5.0145486      -6.9112662      -2.3637922
-559.000000  -10.000000      -4.6504750      -6.9545850      -2.3786081
-558.000000  -10.000000      -4.3109710      -6.9749156      -2.3855616
-557.000000  -10.000000      -3.9950559      -6.9767781      -2.3861987
-556.000000  -10.000000      -3.7014778      -6.9639850      -2.3818231
-555.000000  -10.000000      -3.4288294      -6.9397304      -2.3735276
-554.000000  -10.000000      -3.1756324      -6.9066756      -2.3622222
-553.000000  -10.000000      -2.9403961      -6.8670280      -2.3486619
-552.000000  -10.000000      -2.7216582      -6.8226107      -2.3334703
-551.000000  -10.000000      -2.5180107      -6.7749244      -2.3171606
-550.000000  -10.000000      -2.3281160      -6.7252006      -2.3001541
-549.000000  -10.000000      -2.1507160      -6.6744467      -2.2827952
-548.000000  -10.000000      -1.9846346      -6.6234842      -2.2653650
-547.000000  -10.000000      -1.8287783      -6.5729811      -2.2480920
-546.000000  -10.000000      -1.6821331      -6.5234792      -2.2311613
-545.000000  -10.000000      -1.5437602      -6.4754160      -2.2147227
-544.000000  -10.000000      -1.4127909      -6.4291434      -2.1988966
-543.000000  -10.000000      -1.2884209      -6.3849438      -2.1837794
-542.000000  -10.000000      -1.1699041      -6.3430421      -2.1694482
-541.000000  -10.000000      -1.0565470      -6.3036166      -2.1559638
-540.000000  -10.000000      -0.9477025      -6.2668076      -2.1433744
-539.000000  -10.000000      -0.8427644      -6.2327244      -2.1317173
-538.000000  -10.000000      -0.7411617      -6.2014511      -2.1210212
-537.000000  -10.000000      -0.6423537      -6.1730513      -2.1113079
-536.000000  -10.000000      -0.5458246      -6.1475715      -2.1025933
-535.000000  -10.000000      -0.4510791      -6.1250445      -2.0948886
-534.000000  -10.000000      -0.3576375      -6.1054911      -2.0882009
-533.000000  -10.000000      -0.2650312      -6.0889219      -2.0825339
-532.000000  -10.000000      -0.1727985      -6.0753385      -2.0778882
-531.000000  -10.000000      -0.0804800      -6.0647337      -2.0742611
-530.000000  -10.000000       0.0123853      -6.0570917      -2.0716474
-529.000000  -10.000000       0.1062647      -6.0523875      -2.0700384
-528.000000  -10.000000       0.2016358      -6.0505859      -2.0694223
-527.000000  -10.000000       0.2989914      -6.0516401      -2.0697828
-526.000000  -10.000000       0.3988438      -6.0554892      -2.0710993
-525.000000  -10.000000       0.5017297      -6.0620556      -2.0733451
-524.000000  -10.000000       0.6082151      -6.0712414      -2.0764868
-523.000000  -10.000000       0.7189008      -6.0829233      -2.0804823
-522.000000  -10.000000       0.8344274      -6.0969477      -2.0852789
-521.000000  -10.000000       0.9554814      -6.1131229      -2.0908112
-520.000000  -10.000000       1.0828009      -6.1312110      -2.0969977
-519.000000  -10.000000       1.2171815      -6.1509176      -2.1037377
-518.000000  -10.000000       1.3594822      -6.1718787      -2.1109068
-517.000000  -10.000000       1.5106315      -6.1936460      -2.1183517
-516.000000  -10.000000       1.6716324      -6.2156678      -2.1258836
-515.000000  -10.000000       1.8435666      -6.2372673      -2.1332710
-514.000000  -10.000000       2.0275977      -6.2576157      -2.1402306
-513.000000  -10.000000       2.2249714      -6.2757002      -2.1464159
-512.000000  -10.000000       2.4370124      -6.2902865      -2.1514047
-511.000000  -10.000000       2.6651164      -6.2998731      -2.1546835
-510.000000  -10.000000       2.9107343      -6.3026397      -2.1556297
-509.000000  -10.000000       3.1753472      -6.2963853      -2.1534906
-508.000000  -10.000000       3.4604267      -6.2784592      -2.1473595
-507.000000  -10.000000       3.7673775      -6.2456822      -2.1361491
-506.000000  -10.000000       4.0974554      -6.1942619      -2.1185624
-505.000000  -10.000000       4.4516538      -6.1197030      -2.0930617
-504.000000  -10.000000       4.8305499      -6.0167196      -2.0578393
-503.000000  -10.000000       5.2341023      -5.8791583      -2.0107906
-502.000000  -10.000000       5.6613887      -5.6999458      -1.9494963
-501.000000  -10.000000       6.1102784      -5.4710828      -1.8712205
-500.000000  -10.000000       6.5770329      -5.1837117      -1.7729338
-499.000000  -10.000000       7.0558422      -4.8282966      -1.6513747
-498.000000  -10.000000       7.5383132      -4.3949612      -1.5031653
-497.000000  -10.000000       8.0129522      -3.8740335      -1.3249975
-496.000000  -10.000000       8.4647103      -3.2568444      -1.1139064
-495.000000  -10.000000       8.8746938      -2.5368074      -0.8676392
-494.000000  -10.000000       9.2201774      -1.7107690      -0.5851175
-493.000000  -10.000000       9.4750754      -0.7805542      -0.2669653
-492.000000  -10.000000       9.6110152       0.2454493       0.0839486
-491.000000  -10.000000       9.5991027       1.3509186       0.4620414
-490.000000  -10.000000       9.4123527       2.5107501       0.8587271
-489.000000  -10.000000       9.0285983       3.6910644       1.2624184
-488.000000  -10.000000       8.4335279       4.8503009       1.6589006
-487.000000  -10.000000       7.6233800       5.9414655       2.0321009
-486.000000  -10.000000       6.6068156       6.9153634       2.3651936
-485.000000  -10.000000       5.4056053       7.7244338       2.6419120
-484.000000  -10.000000       4.0539775       8.3266844       2.8478938
-483.000000  -10.000000       2.5967090       8.6892286       2.9718912
-482.000000  -10.000000       1.0862101       8.7910396       3.0067126
-481.000000  -10.000000      -0.4210581       8.6246863       2.9498164
-480.000000  -10.000000      -1.8684960       8.1969429       2.8035196
-479.000000  -10.000000      -3.2032854       7.5282443       2.5748112
-478.000000  -10.000000      -4.3799955       6.6510113       2.2747798
-477.000000  -10.000000      -5.3635377       5.6069518       1.9176905
-476.000000  -10.000000      -6.1311297       4.4435628       1.5197880
-475.000000  -10.000000      -6.6730102       3.2102151       1.0979582
-474.000000  -10.000000      -6.9918142       1.9543114       0.6684139
-473.000000  -10.000000      -7.1007476       0.7180275       0.2455799
-472.000000  -10.000000      -7.0209186      -0.4639763      -0.1586892
-471.000000  -10.000000      -6.7783010      -1.5656882      -0.5354969
-470.000000  -10.000000      -6.4008048      -2.5697787      -0.8789161
-469.000000  -10.000000      -5.9158118      -3.4667631      -1.1857028
-468.000000  -10.000000      -5.3483744      -4.2536162      -1.4548224
-467.000000  -10.000000      -4.7201080      -4.9321556      -1.6868966
-466.000000  -10.000000      -4.0486983      -5.5074444      -1.8836569
-465.000000  -10.000000      -3.3478787      -5.9863769      -2.0474615
-464.000000  -10.000000      -2.6277264      -6.3765239      -2.1808996
-463.000000  -10.000000      -1.8951410      -6.6852500      -2.2864902
-462.000000  -10.000000      -1.1544063      -6.9190759      -2.3664633
-461.000000  -10.000000      -0.4077688      -7.0832422      -2.4226115
-460.000000  -10.000000       0.3440017      -7.1814243      -2.4561918
-459.000000  -10.000000       1.1010807      -7.2155581      -2.4678662
-458.000000  -10.000000       1.8640832      -7.1857430      -2.4576689
-457.000000  -10.000000       2.6335705      -7.0902059      -2.4249932
-456.000000  -10.000000       3.4095504      -6.9253188      -2.3685985
-455.000000  -10.000000       4.1909555      -6.6856817      -2.2866378
-454.000000  -10.000000       4.9750868      -6.3642906      -2.1767156
-453.000000  -10.000000       5.7570216      -5.9528275      -2.0359869
-452.000000  -10.000000       6.5290044      -5.4421171      -1.8613137
-451.000000  -10.000000       7.2798597      -4.8227987      -1.6494943
-450.000000  -10.000000       7.9945037      -4.0862552      -1.3975816
-449.000000  -10.000000       8.6536624      -3.2258183      -1.1032949
-448.000000  -10.000000       9.2339343      -2.2382216      -0.7655169
-447.000000  -10.000000       9.7083482      -1.1252029      -0.3848420
-446.000000  -10.000000      10.0475373       0.1049257       0.0358867
-445.000000  -10.000000      10.2215756       1.4360052       0.4911427
-444.000000  -10.000000      10.2023917       2.8433607       0.9724866
-443.000000  -10.000000       9.9665134       4.2940113       1.4686384
-442.000000  -10.000000       9.4977565       5.7479062       1.9658997
-441.000000  -10.000000       8.7894068       7.1601301       2.4489087
-440.000000  -10.000000       7.8455074       8.4837947       2.9016287
-439.000000  -10.000000       6.6810521       9.6731693       3.3084187
-438.000000  -10.000000       5.3211325      10.6865713       3.6550227
-437.000000  -10.000000       3.7993108      11.4886510       3.9293501
-436.000000  -10.000000       2.1556027      12.0519133       4.1219971
-435.000000  -10.000000       0.4344231      12.3575411       4.2265280
-434.000000  -10.000000      -1.3172857      12.3957298       4.2395893
-433.000000  -10.000000      -3.0517121      12.1657754       4.1609402
-432.000000  -10.000000      -4.7217320      11.6760754       3.9934530
-431.000000  -10.000000      -6.2825413      10.9440573       3.7430880
-430.000000  -10.000000      -7.6934956       9.9958901       3.4187958
-429.000000  -10.000000      -8.9201474       8.8657450       3.0322634
-428.000000  -10.000000      -9.9362919       7.5943808       2.5974312
-427.000000  -10.000000     -10.7256801       6.2269632       2.1297469
-426.000000  -10.000000     -11.2830124       4.8102379       1.6451983
-425.000000  -10.000000     -11.6139160       3.3893978       1.1592423
-424.000000  -10.000000     -11.7338176       2.0051136       0.6857892
-423.000000  -10.000000     -11.6658784       0.6911897       0.2364008
-422.000000  -10.000000     -11.4383570      -0.5268425      -0.1801908
-421.000000  -10.000000     -11.0818494      -1.6321014      -0.5582115
-420.000000  -10.000000     -10.6268083      -2.6158245      -0.8946647
-419.000000  -10.000000     -10.1016131      -3.4761937      -1.1889283
-418.000000  -10.000000      -9.5312955      -4.2168224      -1.4422382
-417.000000  -10.000000      -8.9368925      -4.8451816      -1.6571497
-416.000000  -10.000000      -8.3353092      -5.3711606      -1.8370451
-415.000000  -10.000000      -7.7395430      -5.8058736      -1.9857257
-414.000000  -10.000000      -7.1591234      -6.1607492      -2.1071003
-413.000000  -10.000000      -6.6006505      -6.4468916      -2.2049668
-412.000000  -10.000000      -6.0683478      -6.6746723      -2.2828724
-411.000000  -10.000000      -5.5645782      -6.8535023      -2.3440358
-410.000000  -10.000000      -5.0902943      -6.9917380      -2.3913152
-409.000000  -10.000000      -4.6454149      -7.0966752      -2.4272059
-408.000000  -10.000000      -4.2291279      -7.1746015      -2.4538582
-407.000000  -10.000000      -3.8401268      -7.2308796      -2.4731065
-406.000000  -10.000000      -3.4767908      -7.2700463      -2.4865023
-405.000000  -10.000000      -3.1373184      -7.2959147      -2.4953498
-404.000000  -10.000000      -2.8198243      -7.3116727      -2.5007394
-403.000000  -10.000000      -2.5224067      -7.3199745      -2.5035787
-402.000000  -10.000000      -2.2431939      -7.3230217      -2.5046209
-401.000000  -10.000000      -1.9803736      -7.3226357      -2.5044889
-400.000000  -10.000000      -1.7322101      -7.3203194      -2.5036967
-399.000000  -10.000000      -1.4970533      -7.3173102      -2.5026675
-398.000000  -10.000000      -1.2733410      -7.3146242      -2.5017488
-397.000000  -10.000000      -1.0595970      -7.3130945      -2.5012256
-396.000000  -10.000000      -0.8544258      -7.3134015      -2.5013306
-395.000000  -10.000000      -0.6565062      -7.3160992      -2.5022533
-394.000000  -10.000000      -0.4645825      -7.3216359      -2.5041470
-393.000000  -10.000000      -0.2774558      -7.3303714      -2.5071347
-392.000000  -10.000000      -0.0939744      -7.3425903      -2.5113138
-391.000000  -10.000000       0.0869760      -7.3585133      -2.5167598
-390.000000  -10.000000       0.2664822      -7.3783042      -2.5235287
-389.000000  -10.000000       0.4456134      -7.4020764      -2.5316592
-388.000000  -10.000000       0.6254309      -7.4298958      -2.5411740
-387.000000  -10.000000       0.8069988      -7.4617826      -2.5520800
-386.000000  -10.000000       0.9913933      -7.4977106      -2.5643681
-385.000000  -10.000000       1.1797131      -7.5376049      -2.5780127
-384.000000  -10.000000       1.3730894      -7.5813369      -2.5929699
-383.000000  -10.000000       1.5726963      -7.6287179      -2.6091752
-382.000000  -10.000000       1.7797610      -7.6794898      -2.6265402
-381.000000  -10.000000       1.9955737      -7.7333122      -2.6449486
-380.000000  -10.000000       2.2214974      -7.7897480      -2.6642507
-379.000000  -10.000000       2.4589779      -7.8482435      -2.6842574
-378.000000  -10.000000       2.7095514      -7.9081049      -2.7047312
-377.000000  -10.000000       2.9748521      -7.9684702      -2.7253773
-376.000000  -10.000000       3.2566165      -8.0282739      -2.7458314
-375.000000  -10.000000       3.5566847      -8.0862059      -2.7656453
-374.000000  -10.000000       3.8769959      -8.1406621      -2.7842704
-373.000000  -10.000000       4.2195779      -8.1896864      -2.8010377
-372.000000  -10.000000       4.5865249      -8.2309025      -2.8151345
-371.000000  -10.000000       4.9799623      -8.2614369      -2.8255778
-370.000000  -10.000000       5.4019924      -8.2778301      -2.8311846
-369.000000  -10.000000       5.8546149      -8.2759406      -2.8305384
-368.000000  -10.000000       6.3396150      -8.2508418      -2.8219541
-367.000000  -10.000000       6.8584100      -8.1967186      -2.8034429
-366.000000  -10.000000       7.4118450      -8.1067729      -2.7726796
-365.000000  -10.000000       7.9999269      -7.9731507      -2.7269782
-364.000000  -10.000000       8.6214890      -7.7869140      -2.6632814
-363.000000  -10.000000       9.2737815      -7.5380834      -2.5781764
-362.000000  -10.000000       9.9519915      -7.2157928      -2.4679465
-361.000000  -10.000000      10.6487121      -6.8085979      -2.3286776
-360.000000  -10.000000      11.3533984      -6.3049923      -2.1564344
-359.000000  -10.000000      12.0518809      -5.6941745      -1.9475224
-358.000000  -10.000000      12.7260374      -4.9670933      -1.6988460
-357.000000  -10.000000      13.3537565      -4.1177606      -1.4083571
-356.000000  -10.000000      13.9093453      -3.1447541      -1.0755693
-355.000000  -10.000000      14.3645180      -2.0527533      -0.7020830
-354.000000  -10.000000      14.6900423      -0.8538639      -0.2920387
-353.000000  -10.000000      14.8580033       0.4315735       0.1476068
-352.000000  -10.000000      14.8444914       1.7749899       0.6070823
-351.000000  -10.000000      14.6323572       3.1406154       1.0741537
-350.000000  -10.000000      14.2135855       4.4875470       1.5348315
-349.000000  -10.000000      13.5908507       5.7726486       1.9743621
-348.000000  -10.000000      12.7779622       6.9538776       2.3783662
-347.000000  -10.000000      11.7991411       7.9935490       2.7339548
-346.000000  -10.000000      10.6873043       8.8611000       3.0306747
-345.000000  -10.000000       9.4816820       9.5350914       3.2611933
-344.000000  -10.000000       8.2251228      10.0043773       3.4216986
-343.000000  -10.000000       6.9613469      10.2685283       3.5120435
-342.000000  -10.000000       5.7322846      10.3376360       3.5356798
-341.000000  -10.000000       4.5755279      10.2315821       3.4994072
-340.000000  -10.000000       3.5219143       9.9787583       3.4129364
-339.000000  -10.000000       2.5933272       9.6141566       3.2882352
-338.000000  -10.000000       1.8009241       9.1767624       3.1386376
-337.000000  -10.000000       1.1440979       8.7062997       2.9777299
-336.000000  -10.000000       0.6104899       8.2395585       2.8180950
-335.000000  -10.000000       0.1772592       7.8067070       2.6700510
-334.000000  -10.000000      -0.1863825       7.4280865       2.5405552
-333.000000  -10.000000      -0.5155841       7.1119590       2.4324332
-332.000000  -10.000000      -0.8456025       6.8535625       2.3440564
-331.000000  -10.000000      -1.2073776       6.6356584       2.2695288
-330.000000  -10.000000      -1.6234613       6.4305769       2.1993868
-329.000000  -10.000000      -2.1048161       6.2035844       2.1217508
-328.000000  -10.000000      -2.6489238       5.9172130       2.0238061
-327.000000  -10.000000      -3.2394968       5.5360363       1.8934359
-326.000000  -10.000000      -3.8478702       5.0312812       1.7207995
-325.000000  -10.000000      -4.4359114       4.3846738       1.4996468
-324.000000  -10.000000      -4.9600655       3.5910223       1.2282020
-323.000000  -10.000000      -5.3759956       2.6592191       0.9095065
-322.000000  -10.000000      -5.6432025       1.6115703       0.5511895
-321.000000  -10.000000      -5.7290091       0.4815978       0.1647161
-320.000000  -10.000000      -5.6113982      -0.6893088      -0.2357575
-319.000000  -10.000000      -5.2803887      -1.8558282      -0.6347306
-318.000000  -10.000000      -4.7379057      -2.9725972      -1.0166881
-317.000000  -10.000000      -3.9963840      -3.9974778      -1.3672179
-316.000000  -10.000000      -3.0765598      -4.8938162      -1.6737837
-315.000000  -10.000000      -2.0049895      -5.6315775      -1.9261130
-314.000000  -10.000000      -0.8117860      -6.1874881      -2.1162456
-313.000000  -10.000000       0.4711001      -6.5444998      -2.2383508
-312.000000  -10.000000       1.8109218      -6.6909581      -2.2884424
-311.000000  -10.000000       3.1745559      -6.6198332      -2.2641163
-310.000000  -10.000000       4.5284930      -6.3282784      -2.1643987
-309.000000  -10.000000       5.8386740      -5.8176544      -1.9897550
-308.000000  -10.000000       7.0704672      -5.0940156      -1.7422560
-307.000000  -10.000000       8.1890511      -4.1689194      -1.4258544
-306.000000  -10.000000       9.1603796      -3.0602949      -1.0466825
-305.000000  -10.000000       9.9527618      -1.7930374      -0.6132549
-304.000000  -10.000000      10.5389110      -0.3989837      -0.1364605
-303.000000  -10.000000      10.8981377       1.0839774       0.3707421
-302.000000  -10.000000      11.0182471       2.6137200       0.8939449
-301.000000  -10.000000      10.8966986       4.1464393       1.4181658
-300.000000  -10.000000      10.5407245       5.6395537       1.9288410
-299.000000  -10.000000       9.9663483       7.0544433       2.4127617
-298.000000  -10.000000       9.1965021       8.3585593       2.8587957
-297.000000  -10.000000       8.2586387       9.5266092       3.2582922
-296.000000  -10.000000       7.1822947      10.5407618       3.6051529
-295.000000  -10.000000       5.9969990      11.3900267       3.8956186
-294.000000  -10.000000       4.7307703      12.0690969       4.1278742
-293.000000  -10.000000       3.4092849      12.5769809       4.3015808
-292.000000  -10.000000       2.0556465      12.9157105       4.4174331
-291.000000  -10.000000       0.6906049      13.0893293       4.4768143
-290.000000  -10.000000      -0.6669824      13.1032718       4.4815829
-289.000000  -10.000000      -1.9996548      12.9641497       4.4340003
-288.000000  -10.000000      -3.2910135      12.6798804       4.3367745
-287.000000  -10.000000      -4.5256951      12.2600150       4.1931721
-286.000000  -10.000000      -5.6897282      11.7160590       4.0071282
-285.000000  -10.000000      -6.7712411      11.0615477       3.7832721
-284.000000  -10.000000      -7.7613491      10.3116544       3.5267935
-283.000000  -10.000000      -8.6549208       9.4822138       3.2431081
-282.000000  -10.000000      -9.4508473       8.5882332       2.9373488
-281.000000  -10.000000     -10.1514913       7.6422006       2.6137866
-280.000000  -10.000000     -10.7612014       6.6526999       2.2753574
-279.000000  -10.000000     -11.2841095       5.6238876       1.9234829
-278.000000  -10.000000     -11.7217652       4.5562110       1.5583160
-277.000000  -10.000000     -12.0713421       3.4483640       1.1794099
-276.000000  -10.000000     -12.3250678       2.3000329       0.7866576
-275.000000  -10.000000     -12.4711729       1.1146581       0.3812355
-274.000000  -10.000000     -12.4961621      -0.0986166      -0.0337289
-273.000000  -10.000000     -12.3877830      -1.3243793      -0.4529644
-272.000000  -10.000000     -12.1378677      -2.5419026      -0.8693819
-271.000000  -10.000000     -11.7443219      -3.7272793      -1.2748046
-270.000000  -10.000000     -11.2118570      -4.8561143      -1.6608889
-269.000000  -10.000000     -10.5514604      -5.9060823      -2.0199991
-268.000000  -10.000000      -9.7789262      -6.8588270      -2.3458570
-267.000000  -10.000000      -8.9129278      -7.7009456      -2.6338785
-266.000000  -10.000000      -7.9731009      -8.4240787      -2.8812046
-265.000000  -10.000000      -6.9784785      -9.0243103      -3.0864959
-264.000000  -10.000000      -5.9464523      -9.5011620      -3.2495888
-263.000000  -10.000000      -4.8922853      -9.8564557      -3.3711064
-262.000000  -10.000000      -3.8291033     -10.0932570      -3.4520972
-261.000000  -10.000000      -2.7682451     -10.2150401      -3.4937495
-260.000000  -10.000000      -1.7198390     -10.2251480      -3.4972066
-259.000000  -10.000000      -0.6934791     -10.1265790      -3.4634940
-258.000000  -10.000000       0.3011148      -9.9220963      -3.3935568
-257.000000  -10.000000       1.2535630      -9.6146378      -3.2883998
-256.000000  -10.000000       2.1525283      -9.2079698      -3.1493112
-255.000000  -10.000000       2.9857561      -8.7074939      -2.9781383
-254.000000  -10.000000       3.7405338      -8.1210608      -2.7775664
-253.000000  -10.000000       4.4045920      -7.4595909      -2.5513304
-252.000000  -10.000000       4.9673717      -6.7372673      -2.3042811
-251.000000  -10.000000       5.4214450      -5.9710867      -2.0422319
-250.000000  -10.000000       5.7637385      -5.1796640      -1.7715494
-249.000000  -10.000000       5.9961336      -4.3813936      -1.4985249
-248.000000  -10.000000       6.1250755      -3.5923276      -1.2286484
-247.000000  -10.000000       6.1600495      -2.8243603      -0.9659881
-246.000000  -10.000000       6.1111542      -2.0843655      -0.7128950
-245.000000  -10.000000       5.9863815      -1.3747590      -0.4701953
-244.000000  -10.000000       5.7894512      -0.6955485      -0.2378916
-243.000000  -10.000000       5.5190004      -0.0474274      -0.0162211
-242.000000  -10.000000       5.1695846       0.5649430       0.1932219
-241.000000  -10.000000       4.7344104       1.1304729       0.3866445
-240.000000  -10.000000       4.2091829       1.6308350       0.5577784
-239.000000  -10.000000       3.5960990       2.0416997       0.6983024
-238.000000  -10.000000       2.9069617       2.3358615       0.7989117
-237.000000  -10.000000       2.1646133       2.4876276       0.8508187
-236.000000  -10.000000       1.4023024       2.4775618       0.8473761
-235.000000  -10.000000       0.6610567       2.2966410       0.7854975
-234.000000  -10.000000      -0.0144741       1.9490500       0.6666144
-233.000000  -10.000000      -0.5809909       1.4531402       0.4970032
-232.000000  -10.000000      -1.0015237       0.8404196       0.2874404
-231.000000  -10.000000      -1.2496555       0.1527808       0.0522541
-230.000000  -10.000000      -1.3124083      -0.5615562      -0.1920635
-229.000000  -10.000000      -1.1914729      -1.2527389      -0.4284619
-228.000000  -10.000000      -0.9027705      -1.8739432      -0.6409263
-227.000000  -10.000000      -0.4745960      -2.3854410      -0.8158689
-226.000000  -10.000000       0.0552573      -2.7577266      -0.9431981
-225.000000  -10.000000       0.6429725      -2.9735728      -1.0170218
-224.000000  -10.000000       1.2424553      -3.0290407      -1.0359929
-223.000000  -10.000000       1.8091440      -2.9335102      -1.0033196
-222.000000  -10.000000       2.3037381      -2.7087528      -0.9264480
-221.000000  -10.000000       2.6956820      -2.3870038      -0.8164034
-220.000000  -10.000000       2.9661274      -2.0079836      -0.6867709
-219.000000  -10.000000       3.1099739      -1.6149264      -0.5523374
-218.000000  -10.000000       3.1365430      -1.2498885      -0.4274870
-217.000000  -10.000000       3.0685364      -0.9488733      -0.3245338
-216.000000  -10.000000       2.9392001      -0.7374994      -0.2522397
-215.000000  -10.000000       2.7879832      -0.6279690      -0.2147781
-214.000000  -10.000000       2.6553433      -0.6179063      -0.2113364
-213.000000  -10.000000       2.5775719      -0.6912709      -0.2364286
-212.000000  -10.000000       2.5825156      -0.8211047      -0.2808344
-211.000000  -10.000000       2.6868314      -0.9734908      -0.3329535
-210.000000  -10.000000       2.8950145      -1.1119017      -0.3802928
-209.000000  -10.000000       3.2000044      -1.2011744      -0.4108258
-208.000000  -10.000000       3.5848720      -1.2106185      -0.4140559
-207.000000  -10.000000       4.0250106      -1.1161372      -0.3817414
-206.000000  -10.000000       4.4904059      -0.9015378      -0.3083441
-205.000000  -10.000000       4.9478327      -0.5593236      -0.1912999
-204.000000  -10.000000       5.3630622      -0.0911527      -0.0311760
-203.000000  -10.000000       5.7032338       0.4920691       0.1682975
-202.000000  -10.000000       5.9394212       1.1706831       0.4003972
-201.000000  -10.000000       6.0491891       1.9176171       0.6558637
-200.000000  -10.000000       6.0187322       2.7006707       0.9236838
